ARI 2016 Arizona Diamondbacks	B	Age	G	PA	AB	R	H	2B	3B	HR	RBI	SB	CS	BB	SO	BA		OBP		SLG		OPS		OPS+ TB	GDP	HBP	SH	SF	IBB	PO	A	E
f	2B	Jean Segura				R	26	153	694	637	102	203	41	7	20	64	33	10	39	101	.319	.368	.499	.867	124	318	6	12	4	2	1	241	428	10
f	CF	Michael Bourn			L	33	89	358	329	43	86	12	6	3	30	13	5	22	83	.261	.307	.362	.669	74	119	3	0	6	1	0	188	4	7
f	1B	Paul Goldschmidt		R	28	158	705	579	106	172	33	3	24	95	32	5	110	150	.297	.411	.489	.899	134	283	14	7	0	8	15	1378	116	4
f	3B	Jake Lamb				L	25	151	594	523	81	130	31	9	29	91	6	1	64	154	.249	.332	.509	.840	116	266	13	3	0	4	5	92	251	20
f	C	Welington Castillo		R	29	113	457	416	41	110	24	0	14	68	2	0	33	121	.264	.322	.423	.745	93	176	5	4	0	4	3	799	72	7
f	RF	Yasmany Tomas			R	25	140	563	530	72	144	30	1	31	83	2	4	31	136	.272	.313	.508	.820	110	269	18	1	0	1	4	194	7	7
f	SS	Chris Owings			R	24	119	466	437	52	121	24	11	5	49	21	2	20	87	.277	.315	.416	.731	89	182	8	5	2	2	4	185	180	8
f	LF	Brandon Drury			R	23	134	499	461	59	130	31	1	16	53	1	1	31	100	.282	.329	.458	.786	103	211	14	3	0	4	2	173	67	6
*Bench
b	SS	Nick Ahmed				R	26	90	308	284	26	62	9	1	4	20	5	2	15	58	.218	.265	.299	.564	47	85	9	4	2	3	3
b	2B	Philip Gosselin			R	27	122	240	220	26	61	12	1	2	13	3	0	15	46	.277	.324	.368	.692	81	81	0	1	2	2	0
b	LF	Rickie Weeks			R	33	108	205	180	29	43	9	1	9	27	5	0	20	54	.239	.327	.450	.777	101	81	8	4	0	1	0
b	RF	David Peralta			L	28	48	183	171	23	43	9	5	4	15	2	0	8	42	.251	.295	.433	.728	87	74	3	3	0	1	1
b	C	Chris Herrmann			L	28	56	166	148	21	42	5	4	6	28	4	0	16	44	.284	.352	.493	.845	118	73	2	0	1	1	1
b	CF	Mitch Haniger			R	25	34	123	109	9	25	2	1	5	17	0	0	12	27	.229	.309	.404	.713	85	44	3	1	0	1	2
b	C	Tuffy Gosewisch			R	32	33	99	90	8	14	1	1	3	7	0	0	7	22	.156	.224	.289	.513	33	26	1	1	1	0	0
*Pitching 						T	Age	W	L	W-L%	ERA		G	GS	GF	CG	SHO	SV	IP		H	R	ER	HR	BB	IBB	SO	HBP	BK	WP	BF	ERA+ FIP	WHIP	H9	HR9	BB9	SO9	SO/W
s	P	Robbie Ray				L	24	8	15	.348	4.90	32	32	0	0	0	0	174.33	185	105	95	24	71	4	218	6	0	8	776	89	3.76	1.468	9.6	1.2	3.7	11.3	3.07
s	P	Zack Greinke			R	32	13	7	.650	4.37	26	26	0	1	1	0	158.67	161	80	77	23	41	3	134	0	0	1	667	101	4.12	1.273	9.1	1.3	2.3	7.6	3.27
s	P	Patrick Corbin			L	26	5	13	.278	5.15	36	24	6	0	0	1	155.67	177	109	89	24	66	2	131	5	0	9	701	85	4.84	1.561	10.2	1.4	3.8	7.6	1.98
s	P	Archie Bradley			R	23	8	9	.471	5.02	26	26	0	0	0	0	141.67	154	84	79	16	67	8	143	4	2	7	638	87	4.10	1.560	9.8	1.0	4.3	9.1	2.13
s	P	Shelby Miller			R	25	3	12	.200	6.15	20	20	0	1	1	0	101.0	127	72	69	14	42	3	70	2	0	3	460	71	4.87	1.673	11.3	1.2	3.7	6.2	1.67
*Bullpen
m	P	Braden Shipley			R	24	4	5	.444	5.27	13	11	0	0	0	0	70.0	80	43	41	14	28	1	43	1	0	1	306	84	5.76	1.543	10.3	1.8	3.6	5.5	1.54
m	P	Randall Delgado			R	26	5	2	.714	4.44	79	0	14	0	0	0	75.0	77	39	37	8	36	3	68	2	0	7	337	99	4.24	1.507	9.2	1.0	4.3	8.2	1.89
m	P	Jake Barrett			R	24	1	2	.333	3.49	68	0	12	0	0	4	59.33	47	25	23	6	28	4	56	3	0	4	250	126	4.14	1.264	7.1	0.9	4.2	8.5	2.00
m	P	Enrique Burgos			R	25	1	2	.333	5.66	43	0	16	0	0	1	41.33	38	27	26	5	23	5	43	1	1	5	178	78	4.38	1.476	8.3	1.1	5.0	9.4	1.87
m	P	Zack Godley				R	26	5	4	.556	6.39	27	9	1	0	0	0	74.67	86	54	53	13	25	4	60	4	0	5	335	69	4.97	1.487	10.4	1.6	3.0	7.2	2.40
m	P	Rubby De-La-Rosa		R	27	4	5	.444	4.26	13	10	1	0	0	0	50.67	43	26	24	8	20	1	54	4	1	2	222	103	4.49	1.243	7.6	1.4	3.6	9.6	2.70
m	P	Tyler Clippard			R	31	2	3	.400	4.30	40	0	10	0	0	1	37.67	34	18	18	7	15	0	46	0	3	1	155	103	4.31	1.301	8.1	1.7	3.6	11.0	3.07
m	P	Dominic Leone			R	24	0	1	.000	6.33	25	0	8	0	0	0	27.0	45	21	19	7	12	1	23	1	0	4	131	70	6.26	2.111	15.0	2.3	4.0	7.7	1.92
m	P	Silvino Bracho			R	23	0	2	.000	7.30	26	0	11	0	0	0	24.67	31	22	20	7	10	1	17	3	0	3	119	61	7.04	1.662	11.3	2.6	3.6	6.2	1.70
m	P	Edwin Escobar			L	R24	1	2	.333	7.23	25	2	3	0	0	0	23.67	33	21	19	4	12	3	17	4	0	0	116	62	5.93	1.901	12.5	1.5	4.6	6.5	1.42
su	P	Daniel Hudson			R	29	3	2	.600	5.22	70	0	17	0	0	5	60.33	65	40	35	6	22	3	58	4	0	5	268	84	3.81	1.442	9.7	0.9	3.3	8.7	2.64
c	P	Brad Ziegler			R	36	2	3	.400	2.82	36	0	30	0	0	18	38.33	41	13	12	1	15	5	27	2	0	0	165	157	3.41	1.461	9.6	0.2	3.5	6.3	1.80