ATL 2016 Atlanta Braves		B	Age	G	PA	AB	R	H	2B	3B	HR	RBI	SB	CS	BB	SO	BA		OBP		SLG		OPS		OPS+ TB	GDP	HBP	SH	SF	IBB PO	A	E
f	CF	Ender Inciarte		L	25	131	578	522	85	152	24	7	3	29	16	7	45	68	.291	.351	.381	.732	98	199	8	4	5	2	5	351	14	4
f	3B	Adonis Garcia		R	31	134	563	532	65	145	29	0	14	65	3	2	24	93	.273	.311	.406	.717	91	216	18	6	0	0	4	85	199	18
f	1B	Freddie Freeman		L	26	158	693	589	102	178	43	6	34	91	6	1	89	171	.302	.400	.569	.968	157	335	12	10	0	5	18	1305	107	5
f	LF	Matt Kemp			R	31	56	241	214	35	60	15	0	12	39	1	0	20	56	.280	.336	.519	.855	126	111	9	1	0	6	3	110	1	1
f	RF	Nick Markakis		L	32	158	684	599	67	161	38	0	13	89	0	2	71	101	.269	.346	.397	.744	100	238	16	5	0	9	9	321	5	4
f	C	Tyler Flowers		R	30	83	325	281	27	76	18	0	8	41	0	0	29	91	.270	.357	.420	.777	109	118	3	11	0	4	1	607	29	3
f	2B	Jace Peterson		L	26	115	408	350	45	89	16	1	7	29	5	5	52	69	.254	.350	.366	.715	94	128	9	1	2	3	2	177	235	13
f	SS	Erick Aybar			S	32	97	368	335	27	81	14	2	2	26	3	5	20	59	.242	.293	.313	.607	64	105	14	6	3	4	5	110	247	13
*Bench
b	LF	Jeff Francoeur		R	32	99	276	257	29	64	13	0	7	33	2	0	16	75	.249	.290	.381	.671	79	98	4	0	0	3	2
b	2B	Gordon Beckham		R	29	85	273	240	25	52	16	1	5	30	1	0	26	50	.217	.300	.354	.655	76	85	12	4	0	3	1
b	IF	Chase d'Arnaud		R	29	84	262	233	24	57	14	2	1	21	9	3	23	50	.245	.317	.335	.652	76	78	5	3	0	3	1
b	C	A.J. Pierzynski		L	39	81	259	247	15	54	15	0	2	23	1	0	6	29	.219	.243	.304	.547	46	75	13	3	0	3	1
b	OF	Mallex Smith		L	23	72	215	189	28	45	7	4	3	22	16	8	20	48	.238	.316	.365	.681	83	69	3	2	3	1	0
b	SS	Dansby Swanson		R	22	38	145	129	20	39	7	1	3	17	3	0	13	34	.302	.361	.442	.803	115	57	2	0	1	2	5
b	IF	Daniel Castro		R	23	47	139	130	8	26	1	0	0	7	1	1	7	24	.200	.241	.208	.449	23	27	4	0	2	0	1
*Pitching 					T	Age	W	L	W-L%	ERA		G	GS	GF	CG	SHO	SV	IP		H 	R	ER	HR	BB	IBB	SO	HBP	BK	WP	BF	ERA+ FIP	WHIP	H9	HR9	BB9	SO9	SO/W
s	P	Julio Teheran		R	25	7	10	.412	3.21	30	30	0	1	1	0	188.0	157	70	67	22	41	2	167	9	1	7	758	129	3.69	1.053	7.5	1.1	2.0	8.0	4.07
s	P	Matt Wisler			R	23	7	13	.350	5.00	27	26	1	0	0	1	156.67	159	90	87	26	49	3	115	4	1	5	671	83	4.85	1.328	9.1	1.5	2.8	6.6	2.35
s	P	Mike Foltynewicz	R	24	9	5	.643	4.31	22	22	0	0	0	0	123.33	125	61	59	18	35	2	111	6	1	13	525	96	4.24	1.297	9.1	1.3	2.6	8.1	3.17
s	P	Aaron Blair			R	24	2	7	.222	7.59	15	15	0	0	0	0	70.0	82	61	59	14	34	4	46	6	0	0	324	55	6.15	1.657	10.5	1.8	4.4	5.9	1.35
s	P	Williams Perez		R	25	2	3	.400	6.04	11	11	0	0	0	0	53.67	57	37	36	7	15	3	27	2	0	4	233	69	4.79	1.342	9.6	1.2	2.5	4.5	1.80
*Bullpen
m	P	Ian Krol			L	25	2	0	1.000	3.18	63	0	7	0	0	0	51.0	54	19	18	4	13	3	56	3	0	5	217	131	2.91	1.314	9.5	0.7	2.3	9.9	4.31
m	P	Chris Withrow		R	27	3	0	1.000	3.58	46	0	6	0	0	0	37.67	29	16	15	5	17	1	28	2	0	1	158	116	4.90	1.221	6.9	1.2	4.1	6.7	1.65
m	P	Hunter Cervenka		L	26	1	0	1.000	3.18	50	0	8	0	0	0	34.0	20	14	12	2	23	5	35	1	0	6	139	131	3.97	1.265	5.3	0.5	6.1	9.3	1.52
m	P	Bud Norris			R	31	3	7	.300	4.22	22	10	0	0	0	0	70.33	68	34	33	6	28	1	60	2	0	3	301	98	3.83	1.365	8.7	0.8	3.6	7.7	2.14
m	P	Joel De-La-Cruz		R	27	0	7	.000	4.88	22	9	2	0	0	0	62.67	65	40	34	10	22	0	37	2	0	0	276	85	5.19	1.388	9.3	1.4	3.2	5.3	1.68
m	P	Tyrell Jenkins		R	23	2	4	.333	5.88	14	8	2	0	0	0	52.0	55	35	34	11	33	1	26	1	0	1	237	71	6.86	1.692	9.5	1.9	5.7	4.5	0.79
m	P	John Gant			R	23	1	4	.200	4.86	20	7	6	0	0	0	50.0	54	32	27	7	21	3	49	2	0	4	222	86	4.39	1.500	9.7	1.3	3.8	8.8	2.33
m	P	Mauricio Cabrera	R	22	5	1	.833	2.82	41	0	10	0	0	6	38.33	31	14	12	0	19	1	32	1	0	2	162	148	3.04	1.304	7.3	0.0	4.5	7.5	1.68
m	P	Ryan Weber			R	25	1	1	.500	5.45	16	2	6	0	0	0	36.33	46	22	22	7	5	2	23	2	0	1	157	77	4.96	1.404	11.4	1.7	1.2	5.7	4.60
m	P	Jose Ramirez		R	26	2	2	.500	3.58	33	0	5	0	0	0	32.67	26	16	13	2	18	4	33	4	0	3	143	117	3.94	1.347	7.2	0.6	5.0	9.1	1.83
su	P	Arodys Vizcaino		R	25	1	4	.200	4.42	43	0	24	0	0	10	38.67	37	25	19	3	26	3	50	1	1	3	182	94	3.66	1.629	8.6	0.7	6.1	11.6	1.92
c	P	Jim Johnson			R	33	2	6	.250	3.06	65	0	36	0	0	20	64.67	57	23	22	3	20	0	68	3	0	6	266	136	2.71	1.191	7.9	0.4	2.8	9.5	3.40