CHC 2016 Chicago Cubs		B	Age	G	PA	AB	R	H	2B	3B	HR	RBI	SB	CS	BB	SO	BA		OBP		SLG		OPS		OPS+ TB	GDP	HBP	SH	SF	IBB PO	A	E
f	CF	Dexter Fowler		S	30	125	551	456	84	126	25	7	13	48	13	4	79	124	.276	.393	.447	.840	126	204	3	11	1	4	0	219	6	4
f	3B	Kris Bryant			R	24	155	699	603	121	176	35	3	39	102	8	5	75	154	.292	.385	.554	.939	149	334	3	18	0	3	5	176	193	13
f	1B	Anthony Rizzo		L	26	155	676	583	94	170	43	4	32	109	3	5	74	108	.292	.385	.544	.928	146	317	13	16	0	3	8	1268	126	6
f	LF	Ben Zobrist			S	35	147	631	523	94	142	31	3	18	76	6	4	96	82	.272	.386	.446	.831	124	233	17	4	4	4	6	221	251	7
f	SS	Addison Russell		R	22	151	598	525	67	125	25	3	21	95	5	1	55	135	.238	.321	.417	.738	97	219	11	12	0	6	6	152	388	14
f	RF	Jason Heyward		L	26	142	592	530	61	122	27	1	7	49	11	4	54	93	.230	.306	.325	.631	70	172	12	5	1	2	0	269	5	2
f	2B	Javier Baez			R	23	142	450	421	50	115	19	1	14	59	12	3	15	108	.273	.314	.423	.737	96	178	8	11	1	2	3	173	283	15
f	C	Miguel Montero		L	32	86	284	241	33	52	8	1	8	33	1	0	38	58	.216	.327	.357	.684	85	86	8	3	0	2	5	550	37	7
*Bench
b	UT	Willson Contreras	R	24	76	283	252	33	71	14	1	12	35	2	2	26	67	.282	.357	.488	.845	125	123	7	4	0	1	0
b	LF	Jorge Soler			R	24	86	264	227	37	54	9	0	12	31	0	0	31	66	.238	.333	.436	.769	105	99	5	3	0	3	0
b	C	David Ross			R	39	67	205	166	24	38	6	0	10	32	0	1	30	54	.229	.338	.446	.784	109	74	3	0	4	5	6
b	LF	Matt Szczur			R	26	107	200	185	30	48	9	1	5	24	2	4	13	39	.259	.312	.400	.712	90	74	2	1	1	0	2
b	3B	Tommy La-Stella		L	27	74	169	148	17	40	12	1	2	11	0	1	18	27	.270	.357	.405	.763	105	60	2	2	0	0	1
b	LF	Chris Coghlan		L	31	48	128	103	21	26	7	2	1	16	1	0	22	26	.252	.391	.388	.779	111	40	2	2	0	1	2
b	CF	Albert Almora		R	22	47	117	112	14	31	9	1	3	14	0	0	5	20	.277	.308	.455	.763	102	51	5	0	0	0	0
*Pitching 					T	Age	W	L	W-L%	ERA		G	GS	GF	CG	SHO	SV	IP		H	R	ER	HR	BB	IBB	SO	HBP	BK	WP	BF	ERA+ FIP	WHIP	H9	HR9	BB9	SO9	SO/W
s	P	Jon Lester			L	32	19	5	.792	2.44	32	32	0	2	0	0	202.67	154	57	55	21	52	0	197	6	0	4	796	164	3.41	1.016	6.8	0.9	2.3	8.7	3.79
s	P	Jake Arrieta		R	30	18	8	.692	3.10	31	31	0	1	1	0	197.33	138	72	68	16	76	1	190	6	0	16	795	129	3.52	1.084	6.3	0.7	3.5	8.7	2.50
s	P	Kyle Hendricks		R	26	16	8	.667	2.13	31	30	0	2	1	0	190.0	142	53	45	15	44	3	170	8	0	5	745	188	3.20	0.979	6.7	0.7	2.1	8.1	3.86
s	P	John Lackey			R	37	11	8	.579	3.35	29	29	0	0	0	0	188.33	146	74	70	23	53	1	180	9	0	4	748	120	3.81	1.057	7.0	1.1	2.5	8.6	3.40
s	P	Jason Hammel		R	33	15	10	.600	3.83	30	30	0	0	0	0	166.67	148	77	71	25	53	0	144	9	0	9	692	105	4.48	1.206	8.0	1.4	2.9	7.8	2.72
*Bullpen
m	P	Trevor Cahill		R	28	4	4	.500	2.74	50	1	16	0	0	0	65.67	49	22	20	7	35	3	66	5	0	3	284	147	4.35	1.279	6.7	1.0	4.8	9.0	1.89
m	P	Travis Wood			L	29	4	0	1.000	2.95	77	0	16	0	0	0	61.0	45	24	20	8	24	2	47	1	0	0	252	137	4.54	1.131	6.6	1.2	3.5	6.9	1.96
m	P	Justin Grimm		R	27	2	1	.667	4.10	68	0	11	0	0	0	52.67	47	24	24	5	23	2	65	1	0	7	225	98	3.28	1.329	8.0	0.9	3.9	11.1	2.83
m	P	Pedro Strop			R	31	2	2	.500	2.85	54	0	8	0	0	0	47.33	27	16	15	4	15	1	60	4	0	7	187	142	2.91	0.887	5.1	0.8	2.9	11.4	4.00
m	P	Mike Montgomery		L	26	1	1	.500	2.82	17	5	5	0	0	0	38.33	30	15	12	5	20	0	38	4	0	5	164	144	4.74	1.304	7.0	1.2	4.7	8.9	1.90
m	P	Carl Edwards		R	24	0	1	.000	3.75	36	0	10	0	0	2	36.0	15	15	15	4	14	1	52	0	0	5	138	108	2.87	0.806	3.8	1.0	3.5	13.0	3.71
m	P	Adam Warren			R	28	3	2	.600	5.91	29	1	4	0	0	0	35.0	31	24	23	7	19	4	27	0	0	0	152	68	5.83	1.429	8.0	1.8	4.9	6.9	1.42
m	P	Spencer Patton		R	28	1	1	.500	5.48	16	0	7	0	0	0	21.33	20	16	13	3	14	0	22	1	0	0	101	74	5.02	1.594	8.4	1.3	5.9	9.3	1.57
m	P	Rob Zastryzny		L	24	1	0	1.000	1.13	8	1	1	0	0	0	16.0	12	3	2	0	5	0	17	1	0	0	66	364	2.15	1.063	6.8	0.0	2.8	9.6	3.40
m	P	Joe Smith			R	32	1	1	.500	2.51	16	0	3	0	0	0	14.33	11	4	4	4	5	0	15	1	0	0	57	164	5.94	1.116	6.9	2.5	3.1	9.4	3.00
su	P	Hector Rondon		R	28	2	3	.400	3.53	54	0	35	0	0	16	51.0	42	20	20	8	8	0	58	2	0	3	200	114	3.50	0.980	7.4	1.4	1.4	10.2	7.25
c	P	Aroldis Chapman		L	28	1	1	.500	1.01	28	0	23	0	0	18	26.67	12	4	3	0	10	0	46	0	0	6	102	401	0.82	0.825	4.1	0.0	3.4	15.5	4.60