CIN 2016 Cincinatti Reds		B	Age	G	PA	AB	R	H	2B	3B	HR	RBI	SB	CS	BB	SO	BA		OBP		SLG		OPS		OPS+ TB	GDP	HBP	SH	SF	IBB PO	A	E
f	SS	Zack Cozart				R	30	121	508	464	67	117	28	2	16	50	4	1	37	84	.252	.308	.425	.732	92	197	9	2	1	4	3	249	345	14
f	3B	Eugenio Suarez			R	24	159	627	565	78	140	25	2	21	70	11	5	51	155	.248	.317	.411	.728	92	232	10	8	0	3	0	106	274	23
f	1B	Joey Votto				L	32	158	677	556	101	181	34	2	29	97	8	1	108	120	.326	.434	.550	.985	160	306	16	5	0	8	15	1168	107	8
f	RF	Jay Bruce				L	29	97	402	370	60	98	22	6	25	80	4	2	27	83	.265	.316	.559	.875	126	207	11	2	0	3	3	186	9	5
f	LF	Adam Duvall				R	27	150	608	552	85	133	31	6	33	103	6	5	41	164	.241	.297	.498	.795	106	275	7	6	0	8	1	309	16	8
f	2B	Brandon Phillips		R	35	141	584	550	74	160	34	1	11	64	14	8	18	68	.291	.320	.416	.736	94	229	17	8	2	6	3	249	345	14
f	CF	Billy Hamilton			S	25	119	460	411	69	107	19	3	3	17	58	8	36	93	.260	.321	.343	.664	77	141	5	1	11	1	0	276	9	3
f	C	Tucker Barnhart			S	25	115	420	377	34	97	23	1	7	51	1	0	36	72	.257	.323	.379	.702	86	143	12	2	2	3	8	817	74	7
*Bench
b	RF	Scott Schebler			L	25	82	282	257	36	68	12	2	9	40	2	4	19	59	.265	.330	.432	.762	101	111	5	6	0	0	2
b	SS	Jose Peraza				R	22	72	256	241	25	78	8	2	3	25	21	10	7	33	.324	.352	.411	.762	102	99	3	5	0	3	0
b	SS	Ivan De-Jesus			R	29	104	243	221	21	56	10	0	1	20	3	1	17	51	.253	.311	.312	.623	67	69	6	2	2	1	1
b	CF	Tyler Holt				R	27	106	208	179	21	42	5	3	0	13	4	3	23	48	.235	.327	.296	.623	68	53	6	2	3	1	0
b	C	Ramon Cabrera			S	26	61	185	171	11	42	10	0	3	23	1	1	8	30	.246	.279	.357	.635	68	61	5	1	2	3	1
b	UT	Tony Renda				R	25	32	67	60	4	11	2	0	0	3	0	0	5	11	.183	.246	.217	.463	25	13	4	0	2	0	0
b	C	Devin Mesoraco			R	28	16	55	50	2	7	1	0	0	1	0	1	5	10	.140	.218	.160	.378	3	8	3	0	0	0	0
*Pitching 						T	Age	W	L	W-L%	ERA		G	GS	GF	CG	SHO	SV	IP		H	R	ER	HR	BB	IBB	SO	HBP	BK	WP	BF	ERA+ FIP	WHIP	H9	HR9	BB9	SO9	SO/W
s	P	Dan Straily				R	27	14	8	.636	3.76	34	31	0	0	0	0	191.33	154	80	80	31	73	4	162	11	1	3	792	113	4.88	1.186	7.2	1.5	3.4	7.6	2.22
s	P	Brandon Finnegan		L	23	10	11	.476	3.98	31	31	0	1	0	0	172.0	150	86	76	29	84	2	145	4	2	6	734	107	5.19	1.360	7.8	1.5	4.4	7.6	1.73
s	P	Anthony DeSclafani		R	26	9	5	.643	3.28	20	20	0	1	1	0	123.33	120	51	45	16	30	2	105	4	1	6	507	130	3.96	1.216	8.8	1.2	2.2	7.7	3.50
s	P	John Lamb				L	25	1	7	.125	6.43	14	14	0	0	0	0	70.0	84	54	50	14	31	0	58	1	1	1	318	67	5.46	1.643	10.8	1.8	4.0	7.5	1.87
s	P	Tim Adleman				R	28	4	4	.500	4.00	13	13	0	0	0	0	69.67	64	32	31	13	20	1	47	5	0	0	287	107	5.30	1.206	8.3	1.7	2.6	6.1	2.35
*Bullpen
m	P	Alfredo Simon			R	35	2	7	.222	9.36	15	11	1	0	0	0	58.67	89	64	61	15	31	2	39	8	0	3	298	46	7.13	2.045	13.7	2.3	4.8	6.0	1.26
m	P	Blake Wood				R	30	6	5	.545	3.99	70	0	21	0	0	1	76.67	72	38	34	9	38	3	81	2	0	8	330	107	4.12	1.435	8.5	1.1	4.5	9.5	2.13
m	P	Ross Ohlendorf			R	33	5	7	.417	4.66	64	0	34	0	0	2	65.67	59	35	34	14	32	1	68	6	0	4	290	92	5.58	1.386	8.1	1.9	4.4	9.3	2.13
m	P	Jumbo Diaz				R	32	1	1	.500	3.14	45	0	11	0	0	0	43.0	36	20	15	8	19	1	37	1	0	5	182	137	5.24	1.279	7.5	1.7	4.0	7.7	1.95
m	P	Josh Smith				R	28	3	3	.500	4.68	32	2	8	0	0	0	59.67	57	32	31	11	26	1	48	1	0	1	260	92	5.29	1.391	8.6	1.7	3.9	7.2	1.85
m	P	Michael Lorenzen		R	24	2	1	.667	2.88	35	0	4	0	0	0	50.0	41	16	16	5	13	0	48	6	2	2	202	149	3.67	1.080	7.4	0.9	2.3	8.6	3.69
m	P	Cody Reed				L	23	0	7	.000	7.36	10	10	0	0	0	0	47.67	67	47	39	12	19	2	43	4	2	2	230	58	6.06	1.804	12.7	2.3	3.6	8.1	2.26
m	P	Keyvius Sampson			R	25	0	1	.000	4.35	18	2	2	0	0	0	39.33	40	24	19	9	27	2	42	2	0	3	188	99	6.20	1.703	9.2	2.1	6.2	9.6	1.56
m	P	Robert Stephenson		R	23	2	3	.400	6.08	8	8	0	0	0	0	37.0	41	26	25	9	19	1	31	4	1	2	170	71	6.50	1.622	10.0	2.2	4.6	7.5	1.63
m	P	J.C. Ramirez			R	27	1	3	.250	6.40	27	0	7	0	0	1	32.33	35	24	23	7	9	2	28	0	0	3	139	67	5.06	1.361	9.7	1.9	2.5	7.8	3.11
su	P	Raisel Iglesias			R	26	3	2	.600	2.53	37	5	15	0	0	6	78.33	63	22	22	7	26	1	83	5	1	3	325	169	3.38	1.136	7.2	0.8	3.0	9.5	3.19
c	P	Tony Cingrani			L	26	2	5	.286	4.14	65	0	34	0	0	17	63.0	54	30	29	5	37	1	49	3	1	3	271	103	4.53	1.444	7.7	0.7	5.3	7.0	1.32