COL 2016 Colorado Rockies		B	Age	G	PA	AB	R	H	2B	3B	HR	RBI	SB	CS	BB	SO	BA		OBP		SLG		OPS		OPS+ TB	GDP	HBP	SH	SF	IBB	PO	A	E
f	CF	Charlie Blackmon		L	29	143	641	578	111	187	35	5	29	82	17	9	43	102	.324	.381	.552	.933	130	319	2	13	3	4	4	293	4	3
f	2B	DJ LeMahieu				R	27	146	635	552	104	192	32	8	11	66	11	7	66	80	.348	.416	.495	.911	128	273	19	3	8	6	2	276	422	6
f	3B	Nolan Arenado			R	25	160	696	618	116	182	35	6	41	133	2	3	68	103	.294	.362	.570	.932	129	352	17	2	0	8	10	99	378	13
f	RF	Carlos Gonzalez			L	30	150	632	584	87	174	42	2	25	100	2	2	46	129	.298	.350	.505	.855	111	295	10	1	0	1	6	251	8	3
f	SS	Trevor Story			R	23	97	415	372	67	101	21	4	27	72	8	5	35	130	.272	.341	.567	.909	122	211	5	5	2	1	2	139	293	10
f	1B	Mark Reynolds			R	32	118	441	393	61	111	24	0	14	53	1	2	42	112	.282	.356	.450	.806	101	177	6	4	0	2	1	939	79	7
f	C	Nick Hundley			R	32	83	317	289	30	75	20	1	10	48	0	0	25	65	.260	.320	.439	.759	88	127	12	1	1	1	3	554	38	7
f	LF	Gerardo Parra			L	29	102	381	368	45	93	27	3	7	39	6	4	9	73	.253	.271	.399	.671	65	147	16	1	1	2	1	236	16	5
*Bench
b	SS	Daniel Descalso			L	29	99	289	250	38	66	12	2	8	38	3	0	34	56	.264	.349	.424	.773	93	106	2	1	0	4	3
b	LF	Ryan Raburn				R	35	113	256	223	30	49	10	2	9	30	0	0	28	80	.220	.309	.404	.712	77	90	6	2	0	3	0
b	SS	Cristhian Adames		S	24	121	256	225	25	49	7	3	2	17	2	3	24	47	.218	.304	.302	.607	53	68	5	4	3	0	0
b	LF	David Dahl				L	22	63	237	222	42	70	12	4	7	24	5	0	15	59	.315	.359	.500	.859	113	111	3	0	0	0	0
b	C	Tony Wolters			L	24	71	230	205	27	53	15	2	3	30	4	1	21	53	.259	.327	.395	.723	81	81	1	0	4	0	2
b	OF	Brandon Barnes			R	30	48	109	100	10	22	6	2	0	8	1	2	3	30	.220	.250	.320	.570	42	32	0	1	5	0	0
b	1B	Ben Paulsen				L	28	39	97	92	8	20	5	0	1	11	0	0	5	27	.217	.258	.304	.562	41	28	2	0	0	0	1
*Pitching 						T	Age	W	L	W-L%	ERA		G	GS	GF	CG	SHO	SV	IP		H	R	ER	HR	BB	IBB	SO	HBP	BK	WP	BF	ERA+ FIP	WHIP	H9	HR9	BB9	SO9	SO/W
s	P	Chad Bettis				R	27	14	8	.636	4.79	32	32	0	1	1	0	186.0	204	107	99	22	59	5	138	7	0	4	814	102	4.26	1.414	9.9	1.1	2.9	6.7	2.34
s	P	Jon Gray				R	24	10	10	.500	4.61	29	29	0	1	1	0	168.0	153	92	86	18	59	2	185	12	0	7	712	106	3.60	1.262	8.2	1.0	3.2	9.9	3.14
s	P	Tyler Chatwood			R	26	12	9	.571	3.87	27	27	0	0	0	0	158.0	147	75	68	15	70	2	117	5	0	7	669	126	4.32	1.373	8.4	0.9	4.0	6.7	1.67
s	P	Jorge De-La-Rosa		L	35	8	9	.471	5.51	27	24	0	0	0	0	134.0	157	93	82	23	63	3	108	8	1	7	614	89	5.35	1.642	10.5	1.5	4.2	7.3	1.71
s	P	Tyler Anderson			L	26	5	6	.455	3.54	19	19	0	0	0	0	114.33	119	50	45	12	28	2	99	3	3	4	478	138	3.59	1.286	9.4	0.9	2.2	7.8	3.54
*Bullpen
m	P	Jordan Lyles			R	25	4	5	.444	5.83	40	5	7	0	0	1	58.67	69	46	38	4	28	2	32	4	0	5	273	84	4.58	1.653	10.6	0.6	4.3	4.9	1.14
m	P	Boone Logan				L	31	2	5	.286	3.69	66	0	9	0	0	1	46.33	27	23	19	4	20	5	57	2	0	4	187	133	3.23	1.014	5.2	0.8	3.9	11.1	2.85
m	P	Chad Qualls				R	37	2	0	1.000	5.23	44	0	14	0	0	0	32.67	43	22	19	5	9	1	22	0	0	1	152	94	4.62	1.592	11.8	1.4	2.5	6.1	2.44
m	P	Chris Rusin				L	29	3	5	.375	3.74	29	7	1	0	0	0	84.33	82	36	35	5	23	2	69	3	0	4	350	131	3.21	1.245	8.8	0.5	2.5	7.4	3.00
m	P	Eddie Butler			R	25	2	5	.286	7.17	17	9	0	0	0	0	64.0	87	57	51	13	21	1	47	3	0	1	293	68	5.44	1.688	12.2	1.8	3.0	6.6	2.24
m	P	Justin Miller			R	29	1	1	.500	5.70	40	0	13	0	0	0	42.67	50	27	27	6	20	0	45	2	1	3	194	86	4.41	1.641	10.5	1.3	4.2	9.5	2.25
m	P	Gonzalez Germen			R	28	2	1	.667	5.31	40	0	8	0	0	1	40.67	41	25	24	5	25	3	32	1	0	5	182	93	5.09	1.623	9.1	1.1	5.5	7.1	1.28
m	P	Jeff Hoffman			R	23	0	4	.000	4.88	8	6	0	0	0	0	31.33	37	29	17	7	17	1	22	0	0	4	147	101	6.27	1.723	10.6	2.0	4.9	6.3	1.29
m	P	Adam Ottavino			R	30	1	3	.250	2.67	34	0	19	0	0	7	27.0	18	9	8	3	7	0	35	2	0	4	107	185	3.00	0.926	6.0	1.0	2.3	11.7	5.00
m	P	Scott Oberg				R	26	1	1	.500	5.19	24	0	9	0	0	1	26.0	26	15	15	3	11	2	20	1	0	3	113	95	4.49	1.423	9.0	1.0	3.8	6.9	1.82
su	P	Carlos Estevez			R	23	3	7	.300	5.24	63	0	26	0	0	11	55.0	50	32	32	6	28	4	59	5	0	3	246	94	4.22	1.418	8.2	1.0	4.6	9.7	2.11
c	P	Jake McGee				L	29	2	3	.400	4.73	57	0	25	0	0	15	45.67	56	25	24	9	16	1	38	3	0	4	205	104	5.29	1.577	11.0	1.8	3.2	7.5	2.38