LAD 2016 Los Angeles Dodgers	B	Age	G	PA	AB	R	H	2B	3B	HR	RBI	SB	CS	BB	SO	BA		OBP		SLG		OPS		OPS+ TB	GDP	HBP	SH	SF	IBB	PO	A	E
f	2B	Chase Utley				L	37	138	565	512	79	129	26	3	14	52	2	2	40	115	.252	.319	.396	.716	95	203	0	11	1	1	1	195	266	5
f	SS	Corey Seager			L	22	157	687	627	105	193	40	5	26	72	3	3	54	133	.308	.365	.512	.877	137	321	12	4	0	2	5	195	356	18
f	3B	Justin Turner			R	31	151	622	556	79	153	34	3	27	90	4	1	48	107	.275	.339	.493	.832	124	274	16	10	0	8	1	68	240	9
f	1B	Adrian Gonzalez			L	34	156	633	568	69	162	31	0	18	90	0	2	55	117	.285	.349	.435	.784	113	247	16	4	0	6	9	1105	85	2
f	RF	Yasiel Puig				R	25	104	368	334	45	88	14	2	11	45	5	2	24	74	.263	.323	.416	.740	101	139	10	7	0	3	0	172	6	4
f	C	Yasmani Grandal			S	27	126	457	390	49	89	14	1	27	72	1	3	64	116	.228	.339	.477	.816	121	186	11	2	0	1	1	1046	56	5
f	LF	Howie Kendrick			R	32	146	543	487	65	124	26	2	8	40	10	2	50	96	.255	.326	.366	.691	90	178	20	3	0	3	2	224	91	5
f	CF	Joc Pederson			L	24	137	476	406	64	100	26	0	25	68	6	2	63	130	.246	.352	.495	.847	129	201	5	4	1	2	4	258	3	2
*Bench
b	OF	Trayce Thompson			R	25	80	262	236	31	53	11	0	13	32	5	1	26	66	.225	.302	.436	.738	99	103	3	0	0	0	0
b	OF	Enrique Hernandez		R	24	109	244	216	25	41	8	0	7	18	2	0	28	64	.190	.283	.324	.607	66	70	3	0	0	0	1
b	RF	Josh Reddick			L	29	47	167	155	20	40	6	0	2	9	3	3	11	22	.258	.307	.335	.643	76	52	1	0	0	0	0
b	C	A.J. Ellis				R	35	53	161	139	8	27	5	0	1	13	1	1	16	24	.194	.285	.252	.537	49	35	5	2	3	1	2
b	OF	Andrew Toles			L	24	48	115	105	19	33	9	1	3	16	1	1	8	25	.314	.365	.505	.870	135	53	1	1	0	1	2
b	UT	Scott Van-Slyke			R	29	52	113	102	10	23	6	0	1	7	1	2	5	24	.225	.292	.314	.606	66	32	3	5	0	1	1
b	LF	Carl Crawford			L	34	30	87	81	8	15	2	1	0	6	0	1	4	11	.185	.230	.235	.464	28	19	3	1	0	1	0
*Pitching 					T	Age	W	L	W-L%	ERA		G	GS	GF	CG	SHO	SV	IP		H	R	ER	HR	BB	IBB	SO	HBP	BK	WP	BF	ERA+ FIP	WHIP	H9	HR9	BB9	SO9	SO/W
s	P	Kenta Maeda			R	28	16	11	.593	3.48	32	32	0	0	0	0	175.67	150	72	68	20	50	6	179	8	0	6	716	112	3.58	1.139	7.7	1.0	2.6	9.2	3.58
s	P	Clayton Kershaw		L	28	12	4	.750	1.69	21	21	0	3	3	0	149.0	97	31	28	8	11	1	172	2	3	5	544	230	1.80	0.725	5.9	0.5	0.7	10.4	15.64
s	P	Scott Kazmir		L	32	10	6	.625	4.56	26	26	0	0	0	0	136.33	133	71	69	21	52	3	134	7	0	5	590	85	4.48	1.357	8.8	1.4	3.4	8.8	2.58
s	P	Ross Stripling		R	26	5	9	.357	3.96	22	14	4	0	0	0	100.0	96	46	44	10	30	3	74	1	0	6	419	98	3.90	1.260	8.6	0.9	2.7	6.7	2.47
s	P	Julio Urias			L	19	5	2	.714	3.39	18	15	1	0	0	0	77.0	81	32	29	5	31	0	84	4	0	3	336	115	3.17	1.455	9.5	0.6	3.6	9.8	2.71
*Bullpen
m	P	Pedro Baez			R	28	3	2	.600	3.04	73	0	10	0	0	0	74.0	52	27	25	11	22	0	83	2	2	3	295	128	3.81	1.000	6.3	1.3	2.7	10.1	3.77
m	P	J.P. Howell			L	33	1	1	.500	4.09	64	0	11	0	0	0	50.67	56	23	23	4	15	2	44	3	0	3	220	96	3.50	1.401	9.9	0.7	2.7	7.8	2.93
m	P	Louis Coleman		R	30	2	1	.667	4.69	61	0	11	0	0	0	48.0	45	27	25	5	24	2	45	3	0	3	211	83	4.31	1.438	8.4	0.9	4.5	8.4	1.88
m	P	Alex Wood			L	25	1	4	.200	3.73	14	10	0	0	0	0	60.33	56	30	25	5	20	0	66	3	0	4	255	105	3.18	1.260	8.4	0.7	3.0	9.8	3.30
m	P	Adam Liberatore		L	29	2	2	.500	3.38	58	0	9	0	0	0	42.67	34	16	16	2	17	4	47	2	0	1	176	116	2.89	1.195	7.2	0.4	3.6	9.9	2.76
m	P	Bud Norris			R	31	3	3	.500	6.54	13	9	1	0	0	0	42.67	48	33	31	8	21	3	42	1	0	4	194	60	5.16	1.617	10.1	1.7	4.4	8.9	2.00
m	P	Chris Hatcher		R	31	5	4	.556	5.53	37	0	10	0	0	0	40.67	40	26	25	8	21	4	43	1	0	4	181	71	5.21	1.500	8.9	1.8	4.6	9.5	2.05
m	P	Brandon McCarthy	R	32	2	3	.400	4.95	10	9	0	0	0	0	40.0	29	24	22	2	26	1	44	2	0	2	171	79	3.70	1.375	6.5	0.5	5.9	9.9	1.69
m	P	Brock Stewart		R	24	2	2	.500	5.79	7	5	0	0	0	0	28.0	33	18	18	7	12	1	25	0	0	0	126	68	5.90	1.607	10.6	2.3	3.9	8.0	2.08
m	P	Rich Hill			L	36	3	2	.600	1.83	6	6	0	0	0	0	34.33	22	7	7	2	5	0	39	0	0	0	128	214	2.07	0.786	5.8	0.5	1.3	10.2	7.80
su	P	Joe Blanton			R	35	7	2	.778	2.48	75	0	15	0	0	1	80.0	55	23	22	7	26	4	80	2	0	3	315	158	3.33	1.013	6.2	0.8	2.9	9.0	3.08
c	P	Kenley Jansen		R	28	3	2	.600	1.83	71	0	63	0	0	47	68.67	35	14	14	4	11	2	104	2	0	1	251	213	1.44	0.670	4.6	0.5	1.4	13.6	9.45