MIA 2016 Miami Marlins		B	Age	G	PA	AB	R	H	2B	3B	HR	RBI	SB	CS	BB	SO	BA		OBP		SLG		OPS		OPS+ TB	GDP	HBP	SH	SF	IBB	PO	 A	E
f	2B	Dee Gordon			L	28	79	346	325	47	87	7	6	1	14	30	7	18	55	.268	.305	.335	.641	76	109	4	0	1	1	1	150	186	7
f	3B	Martin Prado		R	32	153	658	600	70	183	37	3	8	75	2	2	49	69	.305	.359	.417	.775	112	250	24	4	0	5	4	73	240	9
f	LF	Christian Yelich	L	24	155	659	578	78	172	38	3	21	98	9	4	72	138	.298	.376	.483	.859	133	279	20	4	0	5	4	260	6	6
f	RF	Giancarlo Stanton	R	26	119	470	413	56	99	20	1	27	74	0	0	50	140	.240	.326	.489	.815	119	202	6	4	0	2	5	215	5	4
f	CF	Marcell Ozuna		R	25	148	608	557	75	148	23	6	23	76	0	3	43	115	.266	.321	.452	.773	109	252	11	4	0	4	2	310	8	5
f	1B	Justin Bour			L	28	90	321	280	35	74	12	1	15	51	0	0	38	56	.264	.349	.475	.824	123	133	8	0	0	3	9	544	34	3
f	C	J.T. Realmuto		R	25	137	545	509	60	154	31	0	11	48	12	4	28	100	.303	.343	.428	.771	110	218	12	5	0	3	1	1069	80	10
f	SS	Adeiny Hechavarria	R	27	155	547	508	52	120	17	6	3	38	1	0	33	73	.236	.283	.311	.594	63	158	10	1	2	3	7	203	359	13
*Bench
b	2B	Derek Dietrich		L	26	128	412	351	39	98	20	5	7	42	1	0	32	84	.279	.374	.425	.798	119	149	6	24	0	5	2
b	RF	Ichiro Suzuki		L	42	143	365	327	48	95	15	5	1	22	10	2	30	42	.291	.354	.376	.730	101	123	4	3	3	2	1
b	1B	Chris Johnson		R	31	113	264	243	20	54	11	0	5	24	0	0	19	78	.222	.281	.329	.611	67	80	13	1	1	0	2
b	MI	Miguel Rojas		R	27	123	214	194	27	48	12	0	1	14	2	1	11	27	.247	.288	.325	.613	68	63	10	1	6	2	2
b	C	Jeff Mathis			R	33	41	132	126	12	30	4	1	2	15	0	0	4	36	.238	.267	.333	.601	63	42	1	1	1	0	0
b	1B	Xavier Scruggs		R	28	24	69	62	1	13	3	0	1	5	0	0	5	20	.210	.290	.306	.596	64	19	1	2	0	0	0
b	OF	Jeff Francoeur		R	32	26	55	50	4	14	2	1	0	1	0	2	4	15	.280	.333	.360	.693	90	18	1	0	1	0	0
*Pitching 					T	Age	W	L	W-L%	ERA		G	GS	GF	CG	SHO	SV	IP		H	R	ER	HR	BB	IBB	SO	HBP	BK	WP	BF	ERA+ FIP	WHIP	H9	HR9	BB9	SO9	SO/W
s	P	Jose Fernandez		R	23	16	8	.667	2.86	29	29	0	0	0	0	182.33	149	63	58	13	55	6	253	6	1	9	737	137	2.30	1.119	7.4	0.6	2.7	12.5	4.60
s	P	Tom Koehler			R	30	9	13	.409	4.33	33	33	0	0	0	0	176.67	176	93	85	22	83	7	147	5	0	9	774	91	4.60	1.466	9.0	1.1	4.2	7.5	1.77
s	P	Adam Conley			L	26	8	6	.571	3.85	25	25	0	0	0	0	133.33	125	59	57	13	62	7	124	11	0	9	584	102	4.20	1.403	8.4	0.9	4.2	8.4	2.00
s	P	Wei-Yin Chen		L	30	5	5	.500	4.96	22	22	0	0	0	0	123.33	134	69	68	22	24	0	100	3	0	1	520	79	4.50	1.281	9.8	1.6	1.8	7.3	4.17
s	P	Justin Nicolino		L	24	3	6	.333	4.99	18	13	0	0	0	0	79.33	96	45	44	8	20	1	37	3	0	1	346	79	4.39	1.462	10.9	0.9	2.3	4.2	1.85
*Bullpen
m	P	Andrew Cashner		R	29	1	4	.200	5.98	12	11	1	0	0	0	52.67	62	36	35	6	30	3	45	1	0	2	241	66	4.68	1.747	10.6	1.0	5.1	7.7	1.50
m	P	David Phelps		R	29	7	6	.538	2.28	64	5	6	0	0	4	86.67	61	23	22	6	38	6	114	2	1	0	352	172	2.80	1.142	6.3	0.6	3.9	11.8	3.00
m	P	Kyle Barraclough	R	26	6	3	.667	2.85	75	0	6	0	0	0	72.67	45	24	23	1	44	1	113	2	0	8	306	138	2.11	1.225	5.6	0.1	5.4	14.0	2.57
m	P	Dustin McGowan		R	34	1	3	.250	2.82	55	0	24	0	0	1	67.0	49	26	21	7	33	7	63	2	0	4	279	140	4.19	1.224	6.6	0.9	4.4	8.5	1.91
m	P	Mike Dunn			L	31	6	1	.857	3.40	51	0	5	0	0	0	42.33	43	16	16	5	11	0	38	3	0	2	176	116	3.88	1.276	9.1	1.1	2.3	8.1	3.45
m	P	Jose Urena			R	24	4	9	.308	6.13	28	12	4	0	0	1	83.67	91	59	57	11	29	6	58	6	0	0	373	64	4.72	1.434	9.8	1.2	3.1	6.2	2.00
m	P	Nick Wittgren		R	25	4	3	.571	3.14	48	0	9	0	0	0	51.67	50	18	18	6	10	2	42	1	0	1	213	126	3.67	1.161	8.7	1.0	1.7	7.3	4.20
m	P	Brian Ellington		R	25	4	2	.667	2.45	32	0	7	0	0	0	33.0	27	10	9	2	16	2	32	2	1	3	142	162	3.63	1.303	7.4	0.5	4.4	8.7	2.00
m	P	Jarred Cosart		R	26	0	1	.000	5.95	4	4	0	0	0	0	19.67	19	14	13	0	16	2	11	0	0	2	92	67	4.47	1.780	8.7	0.0	7.3	5.0	0.69
m	P	Bryan Morris		R	29	0	0	.000	3.06	24	0	4	0	0	1	17.67	15	7	6	4	10	1	13	1	0	0	74	131	6.49	1.415	7.6	2.0	5.1	6.6	1.30
su	P	Fernando Rodney		R	39	2	3	.400	5.89	39	0	17	0	0	8	36.67	41	25	24	5	25	3	41	3	0	4	174	67	4.97	1.800	10.1	1.2	6.1	10.1	1.64
c	P	A.J. Ramos			R	29	1	4	.200	2.81	67	0	52	0	0	40	64.0	52	21	20	1	35	3	73	4	0	6	278	140	2.90	1.359	7.3	0.1	4.9	10.3	2.09