MIL 2016 Milwaukee Brewers	B	Age	G	PA	AB	R	H	2B	3B	HR	RBI	SB	CS	BB	SO	BA		OBP		SLG		OPS		OPS+ TB	GDP	HBP	SH	SF	IBB	PO	A	E
f	SS	Jonathan Villar		S	25	156	679	589	92	168	38	3	19	63	62	18	79	174	.285	.369	.457	.826	118	269	7	2	5	4	4	198	402	29
f	2B	Scooter Gennett		L	26	136	542	498	58	131	30	1	14	56	8	1	38	114	.263	.317	.412	.728	92	205	11	2	1	2	1	206	344	14
f	LF	Ryan Braun			R	32	135	564	511	80	156	23	3	30	91	16	5	46	98	.305	.365	.538	.903	136	275	20	4	0	3	10	209	12	3
f	C	Jonathan Lucroy		R	30	95	376	338	48	101	17	3	13	50	5	0	33	70	.299	.359	.482	.841	121	163	12	1	0	4	3	614	53	6
f	1B	Chris Carter		R	29	160	644	549	84	122	27	1	41	94	3	1	76	206	.222	.321	.499	.821	114	274	18	9	0	10	1	1316	73	11
f	RF	Domingo Santana		R	23	77	281	246	34	63	14	0	11	32	2	3	32	91	.256	.345	.447	.792	109	110	7	2	0	1	0	106	2	2
f	CF	Kirk Nieuwenhuis	L	28	125	392	335	38	70	18	1	13	44	8	9	56	133	.209	.324	.385	.709	88	129	5	1	0	0	1	190	8	3
f	3B	Aaron Hill			R	34	78	292	254	34	72	11	0	8	29	4	2	30	43	.283	.359	.421	.780	107	107	5	2	0	4	0	70	146	2
*Bench
b	UT	Hernan Perez		R	25	123	430	404	50	110	18	3	13	56	34	7	18	94	.272	.302	.428	.730	91	173	6	1	3	4	0
b	OF	Ramon Flores		L	24	104	289	249	18	51	8	0	2	19	3	0	31	58	.205	.294	.261	.555	50	65	11	2	3	4	3
b	C	Martin Maldonado	R	29	76	253	208	21	42	7	0	8	21	1	0	35	56	.202	.332	.351	.683	82	73	6	6	3	1	9
b	CF	Keon Broxton		R	26	75	244	207	28	50	10	1	9	19	23	4	36	88	.242	.354	.430	.784	107	89	2	0	1	0	0
b	SS	Orlando Arcia		R	21	55	216	201	21	44	10	3	4	17	8	0	15	47	.219	.273	.358	.631	66	72	6	0	0	0	0
b	OF	Alex Presley		L	30	47	129	116	12	23	2	0	3	11	0	2	11	25	.198	.271	.293	.564	50	34	2	1	0	1	1
b	UT	Jake Elmore			R	29	59	99	78	7	17	2	0	0	4	2	3	17	17	.218	.371	.244	.615	69	19	1	2	2	0	1
*Pitching 					T	Age	W	L	W-L%	ERA		G	GS	GF	CG	SHO	SV	IP		H	R	ER	HR	BB	IBB	SO	HBP	BK	WP	BF	ERA+ FIP	WHIP	H9	HR9	BB9	SO9	SO/W
s	P	Jimmy Nelson		R	27	8	16	.333	4.62	32	32	0	0	0	0	179.33	186	108	92	25	86	2	140	17	0	8	807	92	5.12	1.517	9.3	1.3	4.3	7.0	1.63
s	P	Zach Davies			R	23	11	7	.611	3.97	28	28	0	0	0	0	163.33	166	79	72	20	38	0	135	6	0	3	682	107	3.89	1.249	9.1	1.1	2.1	7.4	3.55
s	P	Chase Anderson		R	28	9	11	.450	4.39	31	30	1	0	0	0	151.67	155	83	74	28	53	0	120	4	0	4	647	97	5.09	1.371	9.2	1.7	3.1	7.1	2.26
s	P	Wily Peralta		R	27	7	11	.389	4.86	23	23	0	0	0	0	127.67	152	73	69	19	43	1	93	3	0	0	554	88	4.70	1.527	10.7	1.3	3.0	6.6	2.16
s	P	Junior Guerra		R	31	9	3	.750	2.81	20	20	0	0	0	0	121.67	94	40	38	10	43	2	100	3	1	7	492	152	3.70	1.126	7.0	0.7	3.2	7.4	2.33
*Bullpen
m	P	Matt Garza			R	32	6	8	.429	4.51	19	19	0	0	0	0	101.67	117	67	51	11	36	2	70	3	0	3	461	95	4.33	1.505	10.4	1.0	3.2	6.2	1.94
m	P	Carlos Torres		R	33	3	3	.500	2.73	72	0	12	0	0	2	82.33	65	26	25	8	30	3	78	4	1	1	339	156	3.75	1.154	7.1	0.9	3.3	8.5	2.60
m	P	Blaine Boyer		R	34	2	4	.333	3.95	61	0	17	0	0	1	66.0	80	30	29	4	17	3	26	1	0	0	282	108	3.96	1.470	10.9	0.5	2.3	3.5	1.53
m	P	Jhan Marinez		R	27	0	1	.000	3.22	43	0	10	0	0	0	58.67	60	24	21	3	21	3	47	6	0	4	256	133	3.59	1.381	9.2	0.5	3.2	7.2	2.24
m	P	Michael Blazek		R	27	3	1	.750	5.66	41	0	7	0	0	0	41.33	52	31	26	7	27	3	36	2	0	2	201	76	5.71	1.911	11.3	1.5	5.9	7.8	1.33
m	P	Corey Knebel		R	24	1	4	.200	4.68	35	0	7	0	0	2	32.67	32	20	17	3	16	3	38	1	0	1	145	92	3.57	1.469	8.8	0.8	4.4	10.5	2.38
m	P	Tyler Cravy			R	26	0	1	.000	2.86	20	2	4	0	0	0	28.33	21	9	9	3	12	1	22	1	0	0	116	151	4.35	1.165	6.7	1.0	3.8	7.0	1.83
m	P	Taylor Jungmann		R	26	0	5	.000	7.76	8	6	2	0	0	0	26.67	30	24	23	4	17	1	18	3	0	0	126	56	6.00	1.763	10.1	1.4	5.7	6.1	1.06
m	P	Jacob Barnes		R	26	0	1	.000	2.70	27	0	7	0	0	1	26.67	24	9	8	1	6	1	26	0	0	2	106	160	2.36	1.125	8.1	0.3	2.0	8.8	4.33
m	P	Chris Capuano		L	37	1	1	.500	4.13	16	0	3	0	0	0	24.0	23	11	11	7	15	2	27	1	0	1	106	105	6.69	1.583	8.6	2.6	5.6	10.1	1.80
su	P	Tyler Thornburg		R	27	8	5	.615	2.15	67	0	23	0	0	13	67.0	38	19	16	6	25	1	90	2	0	4	263	199	2.83	0.940	5.1	0.8	3.4	12.1	3.60
c	P	Jeremy Jeffress		R	28	2	2	.500	2.22	47	0	40	0	0	27	44.67	45	13	11	2	11	3	35	4	0	0	190	194	3.17	1.254	9.1	0.4	2.2	7.1	3.18