NYM 2016 New York Mets		B	Age	G	PA	AB	R	H	2B	3B	HR	RBI	SB	CS	BB	SO	BA		OBP		SLG		OPS		OPS+ TB	GDP	HBP	SH	SF	IBB	PO	A	E
f	3B	Jose Reyes			S	33	60	279	255	45	68	13	4	8	24	9	2	23	49	.267	.326	.443	.769	104	113	3	0	0	1	1	35	109	6
f	SS	Asdrubal Cabrera	S	30	141	568	521	65	146	30	1	23	62	5	1	38	103	.280	.336	.474	.810	114	247	14	7	0	2	3	175	329	7
f	CF	Yoenis Cespedes		R	30	132	543	479	72	134	25	1	31	86	3	1	51	108	.280	.354	.530	.884	133	254	14	7	0	6	8	250	9	5
f	RF	Curtis Granderson	L	35	150	633	545	88	129	24	5	30	59	4	2	74	130	.237	.335	.464	.799	111	253	10	9	0	5	7	273	8	0
f	2B	Neil Walker			S	30	113	458	412	57	116	9	1	23	55	3	1	42	84	.282	.347	.476	.823	118	196	11	1	0	3	3	171	297	7
f	LF	Michael Conforto	L	23	109	348	304	38	67	21	1	12	42	2	1	36	89	.220	.310	.414	.725	92	126	6	5	0	3	2	134	4	3
f	1B	James Loney			L	32	100	366	343	30	91	16	1	9	34	0	0	16	37	.265	.307	.397	.703	87	136	11	5	1	1	3	664	62	8
f	C	Travis d'Arnaud		R	27	75	276	251	27	62	7	0	4	15	0	0	19	50	.247	.307	.323	.629	69	81	7	3	2	1	1	608	36	1
*Bench
b	CI	Wilmer Flores		R	24	103	335	307	38	82	14	0	16	49	1	1	23	48	.267	.319	.469	.788	108	144	9	2	0	3	0
b	CF	Alejandro De-Aza	L	32	130	267	234	31	48	9	0	6	25	4	3	26	67	.205	.297	.321	.618	66	75	5	5	1	1	1
b	C	Rene Rivera			R	32	65	207	185	12	41	4	0	6	26	0	0	16	54	.222	.291	.341	.632	69	63	4	3	1	2	3
b	IF	Kelly Johnson		L	34	82	201	183	17	49	8	0	9	24	3	0	15	40	.268	.328	.459	.787	108	84	2	2	0	1	1
b	RF	Jay Bruce			L	29	50	187	169	14	37	5	0	8	19	0	0	17	43	.219	.294	.391	.685	82	66	3	1	0	0	4
b	1B	Lucas Duda			L	30	47	172	153	20	35	7	0	7	23	0	0	15	36	.229	.302	.412	.714	89	63	1	2	0	2	2
b	3B	David Wright		R	33	37	164	137	18	31	8	0	7	14	3	2	26	55	.226	.350	.438	.789	110	60	0	0	0	0	0
*Pitching 					T	Age	W	L	W-L%	ERA		G	GS	GF	CG	SHO	SV	IP		H	R	ER	HR	BB	IBB	SO	HBP	BK	WP	BF	ERA+ FIP	WHIP	H9	HR9	BB9	SO9	SO/W
s	P	Bartolo Colon		R	43	15	8	.652	3.43	34	33	0	0	0	0	191.67	200	81	73	24	32	2	128	3	0	0	791	119	3.99	1.210	9.4	1.1	1.5	6.0	4.00
s	P	Noah Syndergaard	R	23	14	9	.609	2.60	31	30	0	0	0	0	183.67	168	61	53	11	43	2	218	2	1	10	744	158	2.29	1.149	8.2	0.5	2.1	10.7	5.07
s	P	Jacob deGrom		R	28	7	8	.467	3.04	24	24	0	1	1	0	148.0	142	53	50	15	36	0	143	3	0	4	604	135	3.32	1.203	8.6	0.9	2.2	8.7	3.97
s	P	Steven Matz			L	25	9	8	.529	3.40	22	22	0	0	0	0	132.33	129	53	50	14	31	2	129	5	1	3	547	121	3.39	1.209	8.8	1.0	2.1	8.8	4.16
s	P	Matt Harvey			R	27	4	10	.286	4.86	17	17	0	0	0	0	92.67	111	55	50	8	25	1	76	1	0	4	402	85	3.47	1.468	10.8	0.8	2.4	7.4	3.04
*Bullpen
m	P	Addison Reed		R	27	4	2	.667	1.97	80	0	13	0	0	1	77.67	60	18	17	4	13	4	91	0	0	4	304	209	1.97	0.940	7.0	0.5	1.5	10.5	7.00
m	P	Hansel Robles		R	25	6	4	.600	3.48	68	0	15	0	0	1	77.67	69	32	30	7	36	4	85	1	0	3	331	118	3.56	1.352	8.0	0.8	4.2	9.8	2.36
m	P	Jim Henderson		R	33	2	2	.500	4.11	44	0	8	0	0	0	35.0	34	17	16	7	14	0	40	2	1	0	155	100	4.83	1.371	8.7	1.8	3.6	10.3	2.86
m	P	Logan Verrett		R	26	3	8	.273	5.20	35	12	10	0	0	0	91.67	100	55	53	16	43	3	66	4	1	4	406	79	5.51	1.560	9.8	1.6	4.2	6.5	1.53
m	P	Seth Lugo			R	26	5	2	.714	2.67	17	8	2	0	0	0	64.0	49	19	19	7	21	3	45	4	1	1	260	154	4.33	1.094	6.9	1.0	3.0	6.3	2.14
m	P	Robert Gsellman		R	22	4	2	.667	2.42	8	7	0	0	0	0	44.67	42	12	12	1	15	2	42	1	0	1	185	170	2.63	1.276	8.5	0.2	3.0	8.5	2.80
m	P	Antonio Bastardo	L	30	0	0	.000	4.74	41	0	11	0	0	0	43.67	41	24	23	8	21	2	46	3	2	1	195	87	5.07	1.420	8.5	1.6	4.3	9.5	2.19
m	P	Erik Goeddel		R	27	2	2	.500	4.54	36	0	10	0	0	0	35.67	33	20	18	5	14	1	36	1	0	5	157	91	4.21	1.318	8.3	1.3	3.5	9.1	2.57
m	P	Rafael Montero		R	25	0	1	.000	8.05	9	3	1	0	0	0	19.0	23	17	17	4	16	1	20	0	0	2	93	52	6.30	2.053	10.9	1.9	7.6	9.5	1.25
m	P	Gabriel Ynoa		R	23	1	0	1.000	6.38	10	3	2	0	0	0	18.33	26	13	13	0	7	0	17	1	0	0	88	65	2.60	1.800	12.8	0.0	3.4	8.3	2.43
su	P	Jerry Blevins		L	32	4	2	.667	2.79	73	0	8	0	0	2	42.0	36	14	13	4	15	3	52	1	0	1	178	148	3.05	1.214	7.7	0.9	3.2	11.1	3.47
c	P	Jeurys Familia		R	26	3	4	.429	2.55	78	0	67	0	0	51	77.67	63	25	22	1	31	6	84	1	0	3	321	161	2.39	1.210	7.3	0.1	3.6	9.7	2.71