PHI 2016 Philadelphia Phillies	B	Age	G	PA	AB	R	H	2B	3B	HR	RBI	SB	CS	BB	SO	BA		OBP		SLG		OPS		OPS+ TB	GDP	HBP	SH	SF	IBB	PO	A	E
f	CF	Odubel Herrera		L	24	159	656	583	87	167	21	6	15	49	25	7	63	134	.286	.361	.420	.781	111	245	6	6	2	2	7	372	11	9
f	SS	Freddy Galvis		S	26	158	624	584	61	141	26	3	20	67	17	6	25	136	.241	.274	.399	.673	79	233	16	3	8	4	6	210	407	8
f	3B	Maikel Franco		R	23	152	630	581	67	148	23	1	25	88	1	1	40	106	.255	.306	.427	.733	96	248	13	5	0	4	7	93	223	13
f	1B	Ryan Howard			L	36	112	362	331	35	65	10	0	25	59	0	1	27	114	.196	.257	.453	.710	87	150	7	1	0	3	2	612	36	7
f	C	Cameron Rupp		R	27	105	419	389	36	98	26	1	16	54	1	0	24	114	.252	.303	.447	.750	99	174	11	5	0	1	0	825	44	5
f	LF	Cody Asche			L	26	71	218	197	22	42	15	0	4	18	3	1	18	54	.213	.284	.350	.635	71	69	1	2	0	1	0	104	3	1
f	2B	Cesar Hernandez		S	26	155	622	547	67	161	14	11	6	39	17	13	66	116	.294	.371	.393	.764	107	215	6	2	5	2	4	247	396	12
f	RF	Peter Bourjos		R	29	123	383	355	40	89	20	7	5	23	6	4	17	91	.251	.292	.389	.681	82	138	6	4	6	1	2	202	2	1
*Bench
b	1B	Tommy Joseph		R	24	107	347	315	47	81	15	0	21	47	1	1	22	75	.257	.308	.505	.813	115	159	11	4	0	6	0
b	LF	Tyler Goeddel		R	23	92	234	213	17	41	3	3	4	16	3	0	17	52	.192	.258	.291	.549	48	62	4	2	1	1	0
b	RF	Aaron Altherr		R	25	57	227	198	23	39	6	0	4	22	7	2	23	69	.197	.300	.288	.587	60	57	4	6	0	0	2
b	IF	Andres Blanco		S	32	90	209	190	26	48	15	1	4	21	2	3	11	41	.253	.316	.405	.721	93	77	7	7	0	1	0
b	C	Carlos Ruiz			R	37	48	193	165	18	43	6	0	3	12	3	1	24	28	.261	.368	.352	.719	97	58	3	4	0	0	1
b	OF	Jimmy Paredes		S	27	76	150	143	13	31	7	0	4	17	0	1	5	44	.217	.242	.350	.591	57	50	0	0	1	1	0
b	UT	Darin Ruf			R	29	43	89	83	8	17	2	0	3	9	0	1	4	25	.205	.236	.337	.573	53	28	5	0	0	2	0
*Pitching 					T	Age	W	L	W-L%	ERA		G	GS	GF	CG	SHO	SV	IP		H	R	ER	HR	BB	IBB	SO	HBP	BK	WP	BF	ERA+ FIP	WHIP	H9	HR9	BB9	SO9	SO/W
s	P	Jerad Eickhoff		R	25	11	14	.440	3.65	33	33	0	0	0	0	197.33	187	88	80	30	42	2	167	8	2	6	811	113	4.19	1.160	8.5	1.4	1.9	7.6	3.98
s	P	Jeremy Hellickson	R	29	12	10	.545	3.71	32	32	0	1	1	0	189.0	173	86	78	24	45	0	154	6	1	6	772	111	3.98	1.153	8.2	1.1	2.1	7.3	3.42
s	P	Vince Velasquez		R	24	8	6	.571	4.12	24	24	0	1	1	0	131.0	129	64	60	21	45	1	152	1	0	3	551	100	3.96	1.328	8.9	1.4	3.1	10.4	3.38
s	P	Adam Morgan			L	26	2	11	.154	6.04	23	21	1	0	0	0	113.33	141	81	76	23	29	3	95	4	0	2	507	69	4.98	1.500	11.2	1.8	2.3	7.5	3.28
s	P	Aaron Nola			R	23	6	9	.400	4.78	20	20	0	0	0	0	111.0	116	68	59	10	29	3	121	6	0	2	483	87	3.08	1.306	9.4	0.8	2.4	9.8	4.17
*Bullpen
m	P	Zach Eflin			R	22	3	5	.375	5.54	11	11	0	2	1	0	63.33    67	42	39	12	17	1	31	1	0	1	272	75	5.48	1.326	9.5	1.7	2.4	4.4	1.82
m	P	Hector Neris		R	27	4	4	.500	2.58	79	0	13	0	0	2	80.33	59	26	23	9	30	3	102	3	1	4	328	161	3.30	1.108	6.6	1.0	3.4	11.4	3.40
m	P	David Hernandez		R	31	3	4	.429	3.84	70	0	16	0	0	1	72.67	77	31	31	11	32	5	80	2	0	6	322	108	4.32	1.500	9.5	1.4	4.0	9.9	2.50
m	P	Edubray Ramos		R	23	1	3	.250	3.83	42	0	6	0	0	0	40.0	36	18	17	5	11	1	40	0	1	1	160	109	3.60	1.175	8.1	1.1	2.5	9.0	3.64
m	P	Andrew Bailey		R	32	3	1	.750	6.40	33	0	4	0	0	0	32.33	32	23	23	6	15	0	33	1	1	2	144	65	5.00	1.454	8.9	1.7	4.2	9.2	2.20
m	P	Jake Thompson		R	22	3	6	.333	5.70	10	10	0	0	0	0	53.67	53	34	34	10	28	1	32	4	0	4	237	73	6.16	1.509	8.9	1.7	4.7	5.4	1.14
m	P	Brett Oberholtzer	L	26	2	2	.500	4.83	26	0	10	0	0	1	50.33	58	28	27	11	20	0	38	0	0	1	226	86	5.67	1.550	10.4	2.0	3.6	6.8	1.90
m	P	Severino Gonzalez	R	23	1	2	.333	5.60	27	0	12	0	0	0	35.33	40	22	22	4	7	1	34	1	1	0	151	74	3.37	1.330	10.2	1.0	1.8	8.7	4.86
m	P	Colton Murray		R	26	1	1	.500	6.25	24	0	4	0	0	0	31.67	34	22	22	6	13	1	31	2	0	5	142	67	5.07	1.484	9.7	1.7	3.7	8.8	2.38
m	P	Alec Asher			R	24	2	1	.667	2.28	5	5	0	0	0	0	27.67	22	11	7	1	4	0	13	2	0	0	111	184	3.33	0.940	7.2	0.3	1.3	4.2	3.25
m	P	Elvis Araujo		L	24	2	1	.667	5.60	32	0	9	0	0	0	27.33	35	22	17	4	17	2	29	2	1	0	134	75	5.01	1.902	11.5	1.3	5.6	9.5	1.71
c	P	Jeanmar Gomez		R	28	3	5	.375	4.85	70	0	59	0	0	37	68.67	78	38	37	6	22	2	47	2	0	3	297	86	3.96	1.456	10.2	0.8	2.9	6.2	2.14