PIT 2016 Pittsburgh Pirates	B	Age	G	PA	AB	R	H	2B	3B	HR	RBI	SB	CS	BB	SO	BA		OBP		SLG		OPS		OPS+ TB	GDP	HBP	SH	SF	IBB	PO	A	E
f	1B	John Jaso			L	32	132	432	380	45	102	25	3	8	42	0	4	45	74	.268	.353	.413	.766	104	157	8	5	1	1	0	749	46	5
f	RF	Gregory Polanco		L	24	144	587	527	79	136	34	4	22	86	17	6	53	119	.258	.323	.463	.786	107	244	13	0	1	6	6	246	10	6
f	CF	Andrew McCutchen	R	29	153	675	598	81	153	26	3	24	79	6	7	69	143	.256	.336	.430	.766	103	257	15	5	0	3	7	317	6	3
f	LF	Starling Marte		R	27	129	529	489	71	152	34	5	9	46	47	12	23	104	.311	.362	.456	.818	117	223	8	16	1	0	5	196	17	4
f	3B	Jung Ho-Kang		R	29	103	370	318	45	81	19	0	21	62	3	1	36	79	.255	.354	.513	.867	128	163	11	14	0	2	1	49	191	16
f	C	Francisco Cervelli	R	30	101	393	326	42	86	14	1	1	33	6	2	56	72	.264	.377	.322	.699	90	105	14	6	0	5	1	700	71	7
f	2B	Josh Harrison		R	28	131	522	487	57	138	25	7	4	59	19	4	18	76	.283	.311	.388	.699	85	189	10	5	4	8	0	262	366	7
f	SS	Jordy Mercer		R	29	149	584	519	66	133	22	3	11	59	1	1	51	83	.256	.328	.374	.701	87	194	11	5	7	2	8	187	411	9
*Bench
b	CI	David Freese		R	33	141	492	437	63	118	23	0	13	55	0	0	45	142	.270	.352	.412	.764	103	180	15	10	0	0	2
b	UT	Sean Rodriguez		R	31	140	342	300	49	81	16	1	18	56	2	1	33	102	.270	.349	.510	.859	126	153	6	5	1	3	2
b	OF	Matthew Joyce		L	31	140	293	231	45	56	10	1	13	42	1	1	59	67	.242	.403	.463	.866	131	107	9	3	0	0	4
b	UT	Adam Frazier		L	24	66	160	146	21	44	8	1	2	11	4	1	12	26	.301	.356	.411	.767	104	60	0	1	0	1	0
b	UT	Josh Bell			S	23	45	152	128	18	35	8	0	3	19	0	1	21	19	.273	.368	.406	.775	107	52	4	0	0	3	0
b	C	Chris Stewart		R	34	34	113	98	10	21	4	0	1	7	0	0	12	15	.214	.319	.286	.604	64	28	2	3	0	0	2
b	C	Eric Fryer			R	30	36	92	78	12	17	2	1	0	8	0	2	10	18	.218	.300	.269	.569	54	21	1	0	2	2	0
*Pitching 					T	Age	W	L	W-L%	ERA		G	GS	GF	CG	SHO	SV	IP		H	R	ER	HR	BB	IBB	SO	HBP	BK	WP	BF	ERA+ FIP	WHIP	H9	HR9	BB9	SO9	SO/W
s	P	Jeff Locke			L	28	9	8	.529	5.44	30	19	4	1	1	0	127.33	151	81	77	17	44	4	73	3	0	7	564	77	4.84	1.531	10.7	1.2	3.1	5.2	1.66
s	P	Gerrit Cole			R	25	7	10	.412	3.88	21	21	0	1	0	0	116.0	131	57	50	7	36	3	98	6	1	5	506	108	3.33	1.440	10.2	0.5	2.8	7.6	2.72
s	P	Francisco Liriano	L	32	6	11	.353	5.46	21	21	0	0	0	0	113.67	115	76	69	19	69	1	116	7	0	8	523	77	5.28	1.619	9.1	1.5	5.5	9.2	1.68
s	P	Jon Niese			L	29	8	6	.571	4.91	23	18	2	0	0	0	110.0	132	63	60	21	38	2	76	3	0	9	491	85	5.36	1.545	10.8	1.7	3.1	6.2	2.00
s	P	Jameson Taillon		R	24	5	4	.556	3.38	18	18	0	0	0	0	104.0	99	40	39	13	17	1	85	3	2	1	418	124	3.71	1.115	8.6	1.1	1.5	7.4	5.00
*Bullpen
m	P	Ryan Vogelsong		R	38	3	7	.300	4.81	24	14	2	0	0	0	82.33	80	51	44	11	40	2	61	4	0	4	366	87	5.00	1.457	8.7	1.2	4.4	6.7	1.53
m	P	Juan Nicasio		R	29	10	7	.588	4.50	52	12	9	0	0	0	118.0	117	64	59	15	45	3	138	7	0	3	513	93	3.78	1.373	8.9	1.1	3.4	10.5	3.07
m	P	Jared Hughes		R	30	1	1	.500	3.03	67	0	18	0	0	1	59.33	62	24	20	6	22	3	34	5	0	5	257	138	4.68	1.416	9.4	0.9	3.3	5.2	1.55
m	P	Neftali Feliz		R	28	4	2	.667	3.52	62	0	6	0	0	2	53.67	40	21	21	10	21	1	61	1	0	3	218	119	4.52	1.137	6.7	1.7	3.5	10.2	2.90
m	P	Chad Kuhl			R	23	5	4	.556	4.20	14	14	0	0	0	0	70.67	73	34	33	7	20	0	53	4	0	2	301	100	3.95	1.316	9.3	0.9	2.5	6.8	2.65
m	P	Ivan Nova			R	29	5	2	.714	3.06	11	11	0	3	0	0	64.67	68	27	22	4	3	0	52	3	0	3	263	137	2.62	1.098	9.5	0.6	0.4	7.2	17.33
m	P	A.J. Schugel		R	27	2	2	.500	3.63	36	0	11	0	0	1	52.0	41	22	21	4	13	0	46	1	0	2	204	116	3.18	1.038	7.1	0.7	2.3	8.0	3.54
m	P	Arquimedes Caminero	R	29	1	2	.333	3.51	39	0	9	0	0	1	41.0	46	17	16	4	22	0	32	4	0	1	187	120	4.76	1.659	10.1	0.9	4.8	7.0	1.45
m	P	Steven Brault		L	24	0	3	.000	4.86	8	7	0	0	0	0	33.33	45	26	18	5	17	1	29	2	0	1	166	87	5.07	1.860	12.2	1.4	4.6	7.8	1.71
m	P	Felipe Rivero		L	24	1	3	.250	3.29	28	0	3	0	0	0	27.33	23	13	10	3	18	1	39	1	0	2	124	128	3.80	1.500	7.6	1.0	5.9	12.8	2.17
su	P	Tony Watson			L	31	2	5	.286	3.06	70	0	27	0	0	15	67.67	52	26	23	10	20	1	58	3	0	0	272	137	4.37	1.064	6.9	1.3	2.7	7.7	2.90
c	P	Mark Melancon		R	31	1	1	.500	1.51	45	0	39	0	0	30	41.67	31	10	7	2	9	0	38	1	0	1	163	278	2.67	0.960	6.7	0.4	1.9	8.2	4.22