SDP 2016 San Diego Padres	B	Age	G	PA	AB	R	H	2B	3B	HR	RBI	SB	CS	BB	SO	BA		OBP		SLG		OPS		OPS+ TB	GDP	HBP	SH	SF	IBB	PO	A	E
f	CF	Travis Jankowski	L	25	131	383	335	53	82	13	2	2	12	30	12	42	100	.245	.332	.313	.646	77	105	5	2	3	0	0	221	0	1
f	1B	Wil Myers			R	25	157	676	599	99	155	29	4	28	94	28	6	68	160	.259	.336	.461	.797	113	276	12	4	0	5	1	1261	76	3
f	RF	Matt Kemp			R	31	100	431	409	54	107	24	0	23	69	0	0	16	100	.262	.285	.489	.774	104	200	8	0	0	6	3	165	8	2
f	3B	Yangervis Solarte	S	28	109	443	405	55	116	26	1	15	71	1	1	30	63	.286	.341	.467	.808	116	189	7	5	0	3	1	102	225	11
f	LF	Melvin Upton		R	31	92	374	344	46	88	11	2	16	45	20	5	23	106	.256	.304	.439	.743	98	151	5	2	1	3	1	165	8	2
f	C	Derek Norris		R	27	125	458	415	50	77	17	0	14	42	9	2	36	139	.186	.255	.328	.583	56	136	9	4	0	3	5	882	58	9
f	SS	Alexei Ramirez		R	34	128	444	421	33	101	19	2	5	41	6	9	17	56	.240	.275	.330	.605	63	139	7	4	0	2	3	155	283	14
f	2B	Ryan Schimpf		L	28	89	330	276	48	60	17	5	20	51	1	1	42	105	.217	.336	.533	.869	130	147	3	9	0	3	3	114	221	6
*Bench
b	CF	Jon Jay				L	31	90	374	347	49	101	26	1	2	26	2	0	19	78	.291	.339	.389	.728	97	135	5	6	1	0	0
b	LF	Alex Dickerson		L	26	84	285	253	39	65	16	2	10	37	5	1	26	44	.257	.333	.455	.788	110	115	5	4	0	2	2
b	3B	Brett Wallace		L	29	119	256	217	19	41	10	0	6	20	0	0	29	83	.189	.309	.318	.627	70	69	2	9	0	1	3
b	IF	Adam Rosales		R	33	105	248	214	37	49	12	3	13	35	4	0	29	88	.229	.319	.495	.814	116	106	2	1	0	4	2
b	C	Christian Bethancourt	R	24	73	204	193	20	44	9	0	6	25	1	2	10	56	.228	.265	.368	.633	69	71	9	0	0	1	0
b	2B	Alexi Amarista		L	27	65	150	140	9	36	2	0	0	11	9	2	8	26	.257	.295	.271	.567	55	38	5	0	1	1	2
b	SS	Luis Sardinas		S	23	34	120	108	13	31	6	1	2	13	3	1	11	23	.287	.353	.417	.770	107	45	0	0	1	0	3
*Pitching 					T	Age	W	L	W-L%	ERA		G	GS	GF	CG	SHO	SV	IP		H	R	ER	HR	BB	IBB	SO	HBP	BK	WP	BF	ERA+ FIP	WHIP	H9	HR9	BB9	SO9	SO/W
s	P	Luis Perdomo		R	23	9	10	.474	5.71	35	20	8	1	0	0	146.67	187	99	93	23	46	7	105	7	0	10	662	71	4.84	1.589	11.5	1.4	2.8	6.4	2.28
s	P	Christian Friedrich	L	28	5	12	.294	4.80	24	23	0	0	0	0	129.33	131	74	69	13	52	2	100	2	0	7	567	85	4.16	1.415	9.1	0.9	3.6	7.0	1.92
s	P	Drew Pomeranz		L	27	8	7	.533	2.47	17	17	0	0	0	0	102.0	67	30	28	8	41	2	115	1	0	7	411	164	3.15	1.059	5.9	0.7	3.6	10.1	2.80
s	P	Colin Rea			R	25	5	5	.500	4.98	19	18	0	0	0	0	99.33	101	63	55	12	44	4	76	8	1	0	443	82	4.76	1.460	9.2	1.1	4.0	6.9	1.73
s	P	Andrew Cashner		R	29	4	7	.364	4.76	16	16	0	0	0	0	79.33	80	47	42	13	30	0	67	6	0	1	347	85	4.95	1.387	9.1	1.5	3.4	7.6	2.23
*Bullpen
m	P	Edwin Jackson		R	32	5	6	.455	5.89	13	13	0	0	0	0	73.33	79	49	48	12	35	2	54	1	0	5	326	69	5.27	1.555	9.7	1.5	4.3	6.6	1.54
m	P	Brad Hand			L	26	4	4	.500	2.92	82	0	16	0	0	1	89.33	63	32	29	8	36	4	111	1	0	7	364	139	3.07	1.108	6.3	0.8	3.6	11.2	3.08
m	P	Brandon Maurer		R	25	0	5	.000	4.52	71	0	36	0	0	13	69.67	65	37	35	7	23	5	72	2	0	3	300	90	3.46	1.263	8.4	0.9	3.0	9.3	3.13
m	P	Ryan Buchter		L	29	3	0	1.000	2.86	67	0	10	0	0	1	63.0	34	20	20	4	31	3	78	2	0	3	247	142	3.07	1.032	4.9	0.6	4.4	11.1	2.52
m	P	Kevin Quackenbush	R	27	7	7	.500	3.92	60	0	17	0	0	2	59.67	55	27	26	8	22	2	42	0	0	2	253	104	4.59	1.291	8.3	1.2	3.3	6.3	1.91
m	P	Carlos Villanueva	R	32	2	2	.500	5.96	51	0	11	0	0	1	74.0	89	50	49	17	14	4	61	3	0	2	321	68	5.17	1.392	10.8	2.1	1.7	7.4	4.36
m	P	James Shields		R	34	2	7	.222	4.28	11	11	0	0	0	0	67.33	69	33	32	9	27	2	57	1	0	3	284	95	4.44	1.426	9.2	1.2	3.6	7.6	2.11
m	P	Paul Clemens		R	28	3	5	.375	3.67	16	12	2	0	0	0	61.33	61	32	25	9	23	0	47	3	1	4	267	111	4.79	1.370	9.0	1.3	3.4	6.9	2.04
m	P	Clayton Richard		L	32	3	3	.500	2.52	11	9	0	0	0	0	53.67	58	21	15	4	24	0	34	0	0	2	234	162	4.19	1.528	9.7	0.7	4.0	5.7	1.42
m	P	Jarred Cosart		R	26	0	3	.000	6.03	9	9	0	0	0	0	37.33	42	27	25	4	23	0	27	2	0	1	176	68	5.10	1.741	10.1	1.0	5.5	6.5	1.17
m	P	Jose Dominguez		R	25	1	0	1.000	5.05	34	0	6	0	0	0	35.67	34	23	20	5	17	1	20	4	0	2	155	81	5.61	1.430	8.6	1.3	4.3	5.0	1.18
c	P	Fernando Rodney		R	39	0	1	.000	0.31	28	0	24	0	0	17	28.67	13	2	1	0	12	0	33	2	1	1	109	1306	2.31	0.872	4.1	0.0	3.8	10.4	2.75