SFG 2016 San Francisco Giants	B	Age	G	PA	AB	R	H	2B	3B	HR	RBI	SB	CS	BB	SO	BA		OBP		SLG		OPS		OPS+ TB	GDP	HBP	SH	SF	IBB	PO	A	E
f	CF	Denard Span				L	32	143	637	572	70	152	23	5	11	53	12	7	53	79	.266	.331	.381	.712	91	218	8	4	6	2	2	286	3	1
f	2B	Joe Panik				L	25	127	526	464	67	111	21	7	10	62	5	0	50	47	.239	.315	.379	.695	85	176	14	4	3	5	5	233	363	5
f	C	Buster Posey			R	29	146	614	539	82	155	33	2	14	80	6	1	64	68	.288	.362	.434	.796	112	234	18	3	0	8	7	1098	73	4
f	RF	Hunter Pence			R	33	106	442	395	58	114	23	1	13	57	1	1	43	95	.289	.357	.451	.808	115	178	10	1	0	3	1	193	7	0
f	1B	Brandon Belt			L	28	156	655	542	77	149	41	8	17	82	0	4	104	148	.275	.394	.474	.868	132	257	7	5	0	4	4	1285	94	8
f	SS	Brandon Crawford		L	29	155	623	553	67	152	28	11	12	84	7	0	57	115	.275	.342	.430	.772	106	238	13	4	0	9	10	209	413	11
f	3B	Conor Gillaspie			L	28	101	205	191	24	50	8	4	6	25	1	2	12	28	.262	.307	.440	.747	97	84	3	1	0	1	3	40	64	2
f	LF	Angel Pagan				S	34	129	543	495	71	137	24	5	12	55	15	4	42	66	.277	.331	.418	.750	100	207	11	0	0	3	1	230	5	6
*Bench
b	OF	Gregor Blanco			L	32	106	274	241	28	54	10	4	1	18	6	3	29	51	.224	.309	.311	.620	67	75	5	1	1	1	4
b	3B	Matt Duffy				R	25	70	286	257	32	65	11	2	4	21	8	4	20	40	.253	.313	.358	.671	80	92	9	4	2	3	0
b	3B	Eduardo Nunez			R	29	50	199	182	24	49	9	3	4	20	13	4	14	30	.269	.327	.418	.744	98	76	2	2	0	1	3
b	C	Trevor Brown			R	24	75	184	173	17	41	7	0	5	19	0	1	10	39	.237	.283	.364	.647	72	63	2	1	0	0	0
b	OF	Jarrett Parker			L	27	63	151	127	22	30	3	1	5	14	0	1	19	44	.236	.358	.394	.751	102	50	3	5	0	0	1
b	OF	Mac Williamson			R	25	54	127	112	14	25	3	0	6	15	0	1	13	35	.223	.315	.411	.726	93	46	4	2	0	0	0
b	2B	Kelby Tomlinson			R	26	52	120	106	13	31	4	0	0	6	5	1	12	18	.292	.370	.330	.700	90	35	1	1	1	0	1
*Pitching 					T	Age	W	L	W-L%	ERA		G	GS	GF	CG	SHO	SV	IP		H	R	ER	HR	BB	IBB	SO	HBP	BK	WP	BF	ERA+ FIP	WHIP	H9	HR9	BB9	SO9	SO/W
s	P	Madison Bumgarner	L	26	15	9	.625	2.74	34	34	0	4	1	0	226.67	179	79	69	26	54	0	251	8	1	4	912	149	3.24	1.028	7.1	1.0	2.1	10.0	4.65
s	P	Johnny Cueto		R	30	18	5	.783	2.79	32	32	0	5	2	0	219.67	195	71	68	15	45	1	198	8	1	3	881	147	2.95	1.093	8.0	0.6	1.8	8.1	4.40
s	P	Jeff Samardzija		R	31	12	11	.522	3.81	32	32	0	1	0	0	203.33	190	88	86	24	54	4	167	1	0	2	829	108	3.85	1.200	8.4	1.1	2.4	7.4	3.09
s	P	Jake Peavy			R	35	5	9	.357	5.54	31	21	3	0	0	0	118.67	134	76	73	18	36	1	102	2	1	4	520	74	4.36	1.433	10.2	1.4	2.7	7.7	2.83
s	P	Matt Moore			L	27	6	5	.545	4.08	12	12	0	0	0	0	68.33	59	31	31	5	32	1	69	1	0	3	289	101	3.53	1.332	7.8	0.7	4.2	9.1	2.16
*Bullpen
m	P	Matt Cain			R	31	4	8	.333	5.64	21	17	2	0	0	0	89.33	103	58	56	16	32	1	72	6	0	5	397	73	5.14	1.511	10.4	1.6	3.2	7.3	2.25
m	P	Albert Suarez		R	26	3	5	.375	4.29	22	12	2	0	0	0	84.0	84	42	40	11	26	5	54	4	0	1	355	96	4.63	1.310	9.0	1.2	2.8	5.8	2.08
m	P	Hunter Strickland	R	27	3	3	.500	3.10	72	0	14	0	0	3	61.0	50	21	21	4	19	3	57	2	0	3	250	133	3.16	1.131	7.4	0.6	2.8	8.4	3.00
m	P	Derek Law			R	25	4	2	.667	2.13	61	0	12	0	0	1	55.0	44	13	13	3	9	0	50	0	0	1	214	193	2.53	0.964	7.2	0.5	1.5	8.2	5.56
m	P	Josh Osich			L	27	1	3	.250	4.71	59	0	9	0	0	0	36.33	31	20	19	7	19	1	25	3	0	2	159	88	6.09	1.376	7.7	1.7	4.7	6.2	1.32
m	P	Javier Lopez		L	38	1	3	.250	4.05	68	0	6	0	0	1	26.67	24	13	12	3	15	0	15	2	0	0	118	102	5.40	1.463	8.1	1.0	5.1	5.1	1.00
m	P	George Kontos		R	31	3	2	.600	2.53	57	0	17	0	0	0	53.33	42	19	15	3	20	3	35	2	0	1	216	163	3.80	1.163	7.1	0.5	3.4	5.9	1.75
m	P	Cory Gearrin		R	30	3	2	.600	4.28	56	0	10	0	0	3	48.33	42	24	23	4	14	2	45	1	0	1	197	96	3.29	1.159	7.8	0.7	2.6	8.4	3.21
m	P	Will Smith			L	26	1	1	.500	2.95	26	0	1	0	0	0	18.33	13	6	6	0	9	0	26	0	0	0	75	142	1.78	1.200	6.4	0.0	4.4	12.8	2.89
m	P	Ty Blach			L	25	1	0	1.000	1.06	4	2	2	0	0	0	17.0	8	2	2	1	5	0	10	0	1	0	62	395	3.62	0.765	4.2	0.5	2.6	5.3	2.00
su	P	Sergio Romo			R	33	1	0	1.000	2.64	40	0	13	0	0	4	30.67	26	9	9	5	7	1	33	0	0	1	117	157	3.80	1.076	7.6	1.5	2.1	9.7	4.71
c	P	Santiago Casilla	R	35	2	5	.286	3.57	62	0	44	0	0	31	58.0	50	23	23	8	19	2	65	5	2	4	241	115	3.94	1.190	7.8	1.2	2.9	10.1	3.42