STL 2016 St. Louis Cardinals	B	Age	G	PA	AB	R	H	2B	3B	HR	RBI	SB	CS	BB	SO	BA		OBP		SLG		OPS		OPS+ TB	GDP	HBP	SH	SF	IBB	PO	A	E
f	1B	Matt Carpenter			L	30	129	566	473	81	128	36	6	21	68	0	4	81	108	.271	.380	.505	.885	135	239	4	5	3	4	6	671	71	7
f	SS	Aledmys Diaz			R	25	111	460	404	71	121	28	3	17	65	4	4	41	60	.300	.369	.510	.879	133	206	10	7	2	6	6	123	277	16
f	LF	Matt Holliday			R	36	110	426	382	48	94	20	1	20	62	0	0	35	71	.246	.322	.461	.782	107	176	9	8	0	1	1	176	12	0
f	RF	Stephen Piscotty		R	25	153	649	582	86	159	35	3	22	85	7	5	51	133	.273	.343	.457	.800	112	266	14	12	1	2	0	273	7	4
f	C	Yadier Molina			R	33	147	581	534	56	164	38	1	8	58	3	2	39	63	.307	.360	.427	.787	110	228	22	6	0	2	1	1123	61	2
f	3B	Jhonny Peralta			R	34	82	313	289	37	75	17	1	8	29	0	0	20	56	.260	.307	.408	.715	90	118	5	1	0	3	0	50	143	4
f	CF	Randal Grichuk			R	24	132	478	446	66	107	29	3	24	68	5	4	28	141	.240	.289	.480	.769	101	214	9	3	0	1	0	232	8	1
f	2B	Kolten Wong				L	25	121	361	313	39	75	7	7	5	23	7	0	34	52	.240	.327	.355	.682	83	111	3	9	0	5	2	158	256	8
*Bench
b	1B	Matt Adams				L	27	118	327	297	37	74	18	0	16	54	0	1	25	81	.249	.309	.471	.780	105	140	5	2	0	3	1
b	UT	Brandon Moss			L	32	128	464	413	66	93	19	2	28	67	1	0	39	141	.225	.300	.484	.784	105	200	8	7	0	5	3
b	IF	Jedd Gyorko				R	27	128	438	400	58	97	9	1	30	59	0	0	37	96	.243	.306	.495	.801	110	198	11	0	0	1	1
b	MI	Greg Garcia				L	26	99	257	214	33	59	11	0	3	17	1	1	38	50	.276	.393	.369	.762	107	79	3	4	0	1	4
b	LF	Jeremy Hazelbaker		L	28	114	224	200	35	47	7	3	12	28	5	2	18	64	.235	.295	.480	.775	103	96	1	0	4	2	2
b	CF	Tommy Pham				R	28	78	183	159	26	36	7	0	9	17	2	2	20	71	.226	.324	.440	.764	103	70	3	3	1	0	1
b	C	Eric Fryer				R	30	24	41	38	7	14	2	0	0	5	0	1	3	7	.368	.415	.421	.836	125	16	0	0	0	0	0
*Pitching 					T	Age	W	L	W-L%	ERA		G	GS	GF	CG	SHO	SV	IP		H	R	ER	HR	BB	IBB	SO	HBP	BK	WP	BF	ERA+ FIP	WHIP	H9	HR9	BB9	SO9	SO/W
s	P	Adam Wainwright		R	34	13	9	.591	4.62	33	33	0	1	1	0	198.67	220	108	102	22	59	4	161	5	0	1	847	89	3.93	1.404	10.0	1.0	2.7	7.3	2.73
s	P	Carlos Martinez		R	24	16	9	.640	3.04	31	31	0	0	0	0	195.33	169	68	66	15	70	1	174	11	0	8	809	135	3.61	1.224	7.8	0.7	3.2	8.0	2.49
s	P	Mike Leake			R	28	9	12	.429	4.69	30	30	0	0	0	0	176.67	203	101	92	20	30	1	125	7	0	7	757	87	3.83	1.319	10.3	1.0	1.5	6.4	4.17
s	P	Jaime Garcia		L	29	10	13	.435	4.67	32	30	0	1	1	0	171.67	179	94	89	26	57	3	150	7	0	8	741	88	4.49	1.375	9.4	1.4	3.0	7.9	2.63
s	P	Michael Wacha		R	24	7	7	.500	5.09	27	24	1	0	0	0	138.0	159	86	78	15	45	6	114	1	0	6	606	81	3.91	1.478	10.4	1.0	2.9	7.4	2.53
*Bullpen
m	P	Matthew Bowman		R	25	2	5	.286	3.46	59	0	12	0	0	0	67.67	59	31	26	4	20	2	52	1	0	0	281	119	3.31	1.167	7.8	0.5	2.7	6.9	2.60
m	P	Kevin Siegrist		L	26	6	3	.667	2.77	67	0	11	0	0	3	61.67	42	20	19	10	26	2	66	1	0	5	248	148	4.43	1.103	6.1	1.5	3.8	9.6	2.54
m	P	Jonathan Broxton	R	32	4	2	.667	4.30	66	0	14	0	0	0	60.67	52	32	29	7	24	5	57	3	0	1	259	96	4.10	1.253	7.7	1.0	3.6	8.5	2.38
m	P	Tyler Lyons			L	28	2	0	1.000	3.38	30	0	10	0	0	0	48.0	35	18	18	9	14	0	46	0	0	2	187	122	4.54	1.021	6.6	1.7	2.6	8.6	3.29
m	P	Alex Reyes			R	21	4	1	.800	1.57	12	5	3	0	0	1	46.0	33	8	8	1	23	1	52	0	1	3	189	263	2.67	1.217	6.5	0.2	4.5	10.2	2.26
m	P	Luke Weaver			R	22	1	4	.200	5.70	9	8	0	0	0	0	36.33	46	29	23	7	12	0	45	2	0	1	167	72	4.33	1.596	11.4	1.7	3.0	11.1	3.75
m	P	Seth Maness			R	27	2	2	.500	3.41	29	0	13	0	0	0	31.67	34	14	12	2	8	2	16	0	0	2	134	121	3.71	1.326	9.7	0.6	2.3	4.5	2.00
m	P	Zach Duke			L	33	0	1	.000	1.93	28	0	4	0	0	1	23.33	17	5	5	0	13	0	26	2	0	2	99	215	2.85	1.286	6.6	0.0	5.0	10.0	2.00
m	P	Dean Kiekhefer		L	27	0	0	.000	5.32	26	0	10	0	0	0	22.0	24	13	13	2	7	4	14	2	0	0	98	78	4.28	1.409	9.8	0.8	2.9	5.7	2.00
m	P	Miguel Socolovich	R	29	1	0	1.000	2.00	15	0	6	0	0	0	18.0	5	4	4	2	5	0	16	0	0	0	64	209	3.65	0.556	2.5	1.0	2.5	8.0	3.20
su	P	Trevor Rosenthal	R	26	2	4	.333	4.46	45	0	27	0	0	14	40.33	48	22	20	3	29	0	56	3	0	0	197	92	3.72	1.909	10.7	0.7	6.5	12.5	1.93
c	CL	Seung-hwan Oh		R	33	6	3	.667	1.92	76	0	35	0	0	19	79.67	55	20	17	5	18	3	103	2	0	3	313	214	2.13	0.916	6.2	0.6	2.0	11.6	5.72