WSN 2016 Washington Nationals	B	Age	G	PA	AB	R	H	2B	3B	HR	RBI	SB	CS	BB	SO	BA		OBP		SLG		OPS		OPS+ TB	GDP	HBP	SH	SF	IBB	PO	A	E
f	CF	Ben Revere				L	28	103	375	350	44	76	9	7	2	24	14	5	18	34	.217	.260	.300	.560	49	105	12	3	2	2	0	170	2	2
f	LF	Jayson Werth			R	37	143	606	525	84	128	28	0	21	69	5	1	71	139	.244	.335	.417	.752	99	219	17	4	0	6	0	201	5	1
f	RF	Bryce Harper			L	23	147	627	506	84	123	24	2	24	86	21	10	108	117	.243	.373	.441	.814	116	223	11	3	0	10	20	256	5	2
f	2B	Daniel Murphy			L	31	142	582	531	88	184	47	5	25	104	5	3	35	57	.347	.390	.595	.985	157	316	4	8	0	8	10	329	282	11
f	1B	Ryan Zimmerman			R	31	115	467	427	60	93	18	1	15	46	4	1	29	104	.218	.272	.370	.642	69	158	12	5	0	6	1	852	44	4
f	3B	Anthony Rendon			R	26	156	647	567	91	153	38	2	20	85	12	6	65	117	.270	.348	.450	.797	110	255	5	7	0	8	2	134	239	9
f	C	Wilson Ramos			R	28	131	523	482	58	148	25	0	22	80	0	0	35	79	.307	.354	.496	.850	123	239	17	2	0	4	2	1094	61	3
f	SS	Danny Espinosa			S	29	157	601	516	66	108	15	0	24	72	9	2	54	174	.209	.306	.378	.684	81	195	4	20	7	4	12	181	404	18
*Bench
b	UT	Trea Turner				R	23	73	324	307	53	105	14	8	13	40	33	6	14	59	.342	.370	.567	.937	144	174	1	1	0	2	0
b	CF	Michael Taylor			R	25	76	237	221	28	51	11	0	7	16	14	3	14	77	.231	.278	.376	.654	72	83	2	1	0	1	0
b	1B	Clint Robinson			L	31	104	224	196	16	46	4	0	5	26	0	0	20	38	.235	.305	.332	.637	70	65	4	2	1	5	0
b	IF	Stephen Drew			L	33	70	165	143	24	38	11	1	8	21	0	1	16	31	.266	.339	.524	.864	125	75	3	2	0	4	0
b	OF	Chris Heisey			R	31	83	155	139	18	30	3	1	9	17	0	1	13	44	.216	.290	.446	.736	92	62	0	2	0	1	0
b	C	Jose Lobaton			S	31	39	114	99	10	23	3	1	3	8	0	0	12	18	.232	.319	.374	.692	84	37	4	1	1	1	1
b	IF	Wilmer Difo				S	24	31	66	58	14	16	3	0	1	7	3	0	8	12	.276	.364	.379	.743	98	22	0	0	0	0	1
*Pitching 					T	Age	W	L	W-L%	ERA		G	GS	GF	CG	SHO	SV	IP		H	R	ER	HR	BB	IBB	SO	HBP	BK	WP	BF	ERA+ FIP	WHIP	H9	HR9	BB9	SO9	SO/W
s	P	Max Scherzer		R	31	20	7	.741	2.96	34	34	0	1	0	0	228.33	165	77	75	31	56	2	284	6	1	2	902	141	3.24	0.968	6.5	1.2	2.2	11.2	5.07
s	P	Tanner Roark		R	29	16	10	.615	2.83	34	33	0	0	0	0	210.0	173	72	66	17	73	4	172	13	1	6	855	148	3.79	1.171	7.4	0.7	3.1	7.4	2.36
s	P	Gio Gonzalez		L	30	11	11	.500	4.57	32	32	0	0	0	0	177.33	179	98	90	19	59	2	171	9	0	7	765	92	3.76	1.342	9.1	1.0	3.0	8.7	2.90
s	P	Stephen Strasburg	R	27	15	4	.789	3.60	24	24	0	0	0	0	147.67	119	59	59	15	44	1	183	2	0	2	598	116	2.92	1.104	7.3	0.9	2.7	11.2	4.16
s	P	Joe Ross			R	23	7	5	.583	3.43	19	19	0	0	0	0	105.0	108	43	40	9	29	3	93	6	0	2	447	122	3.49	1.305	9.3	0.8	2.5	8.0	3.21
*Bullpen
m	P	Blake Treinen		R	28	4	1	.800	2.28	73	0	17	0	0	1	67.0	51	19	17	5	31	6	63	0	0	1	263	184	3.62	1.224	6.9	0.7	4.2	8.5	2.03
m	P	Felipe Rivero		L	24	0	3	.000	4.53	47	0	8	0	0	1	49.67	43	26	25	4	15	2	53	5	0	1	203	93	3.27	1.168	7.8	0.7	2.7	9.6	3.53
m	P	Oliver Perez		L	34	2	3	.400	4.95	64	0	7	0	0	0	40.0	38	22	22	4	20	3	46	7	0	5	182	85	4.17	1.450	8.6	0.9	4.5	10.4	2.30
m	P	Yusmeiro Petit		R	31	3	5	.375	4.50	36	1	16	0	0	1	62.0	67	33	31	12	15	3	49	0	1	3	265	93	4.81	1.323	9.7	1.7	2.2	7.1	3.27
m	P	Matt Belisle		R	36	0	0	.000	1.76	40	0	6	0	0	0	46.0	43	13	9	2	7	3	32	1	0	2	186	239	2.84	1.087	8.4	0.4	1.4	6.3	4.57
m	P	Reynaldo Lopez		R	22	5	3	.625	4.91	11	6	1	0	0	0	44.0	47	27	24	4	22	2	42	0	0	5	201	86	3.92	1.568	9.6	0.8	4.5	8.6	1.91
m	P	Sammy Solis			L	27	2	4	.333	2.41	37	0	10	0	0	0	41.0	31	12	11	1	21	2	47	1	0	2	172	174	2.78	1.268	6.8	0.2	4.6	10.3	2.24
m	P	A.J. Cole			R	24	1	2	.333	5.17	8	8	0	0	0	0	38.33	37	24	22	7	14	1	39	2	0	1	168	82	4.74	1.330	8.7	1.6	3.3	9.2	2.79
m	P	Lucas Giolito		R	21	0	1	.000	6.75	6	4	1	0	0	0	21.33	26	18	16	7	12	0	11	1	1	1	101	63	8.21	1.781	11.0	3.0	5.1	4.6	0.92
m	P	Koda Glover			R	23	2	0	1.000	5.03	19	0	4	0	0	0	19.67	15	12	11	3	7	1	16	1	0	1	83	84	4.72	1.119	6.9	1.4	3.2	7.3	2.29
su	P	Shawn Kelley		R	32	3	2	.600	2.64	67	0	26	0	0	7	58.0	41	19	17	9	11	2	80	0	0	2	224	159	2.97	0.897	6.4	1.4	1.7	12.4	7.27
c	P	Jonathan Papelbon	R	35	2	4	.333	4.37	37	0	30	0	0	19	35.0	37	18	17	3	14	3	31	0	0	1	152	96	3.69	1.457	9.5	0.8	3.6	8.0	2.21