BAL 2016 Baltimore Orioles	B	Age	G	PA	AB	R	H	2B	3B	HR	RBI	SB	CS	BB	SO	BA		OBP		SLG		OPS		OPS+ TB	GDP	HBP	SH	SF	IBB	PO	 A	 E		
f	CF	Adam Jones			R	30	152	672	619	86	164	19	0	29	83	2	0	39	115	.265	.310	.436	.746	95	270	13	5	1	8	2	349  4	 2
f	LF	Hyun Soo-Kim		L	28	95	346	305	36	92	16	1	6	22	1	3	36	51	.302	.382	.420	.801	113	128	5	4	0	1	0	110	 4	 0
f	3B	Manny Machado		R	23	157	696	640	105	188	40	1	37	96	0	3	48	120	.294	.343	.533	.876	128	341	14	3	0	5	9	162	 361 13
f	1B	Chris Davis			R	30	157	665	566	99	125	21	0	38	84	1	0	88	219	.221	.332	.459	.792	107	260	6	8	0	3	3	1330 62	 10	
f	RF	Mark Trumbo			R	30	159	667	613	94	157	27	1	47	108	2	0	51	170	.256	.316	.533	.850	120	327	14	3	0	0	1	196	 12  6
f	C	Matt Wieters		S	30	124	464	423	48	103	17	1	17	66	1	0	32	85	.243	.302	.409	.711	87	173	10	5	1	3	1	871	 50  11
f	2B	Jonathan Schoop		R	24	162	647	615	82	164	38	1	25	82	1	2	21	137	.267	.298	.454	.752	96	279	16	8	0	3	0	277	 447 8
f	SS	J.J. Hardy			R	33	115	438	405	43	109	29	0	9	48	0	0	26	68	.269	.309	.407	.716	88	165	14	0	1	6	1	140  326 6
*Bench
b	DH6	Pedro Alvarez		L	29	109	376	337	43	84	20	0	22	49	1	0	37	97	.249	.322	.504	.826	115	170	6	0	0	2	1
b	OF	Joey Rickard		R	25	85	282	257	32	69	13	0	5	19	4	1	18	54	.268	.319	.377	.696	84	97	3	2	3	2	0
b	LF	Nolan Reimold		R	32	104	227	203	25	45	9	1	6	15	1	2	22	62	.222	.300	.365	.664	75	74	8	1	0	1	0
b	3B	Ryan Flaherty		L	29	74	176	157	16	34	7	0	3	15	2	0	17	48	.217	.291	.318	.610	62	50	1	0	1	1	1
b	C	Caleb Joseph		R	30	49	141	132	7	23	3	0	0	0	0	0	7	28	.174	.216	.197	.413	11	26	6	0	2	0	0
b	UT	Steve Pearce		R	33	25	70	60	9	13	2	0	3	6	0	0	8	14	.217	.329	.400	.729	92	24	1	2	0	0	0
b	OF	Michael Bourn		L	33	24	55	46	5	13	1	0	2	8	2	0	6	9	.283	.358	.435	.793	110	20	0	0	2	1	0
*Pitching 					T	Age	W	L	W-L%	ERA		G	GS	GF	CG	SHO	SV	IP		H	R	ER	HR	BB	IBB	SO	HBP	BK	WP	BF	ERA+ FIP	WHIP	H9	HR9	BB9	SO9	SO/W
s	P	Kevin Gausman		R	25  9	12	.429	3.61	30	30	0	0	0	0	179.67	183	76	72	28	47	1	174	5	0	8	757	123	4.10	1.280	9.2	1.4	2.4	8.7	3.70
s	P	Chris Tillman		R	28	16	6	.727	3.77	30	30	0	0	0	0	172.0	155	73	72	19	66	1	140	7	0	9	715	118	4.23	1.285	8.1	1.0	3.5	7.3	2.12
s	P	Ubaldo Jimenez		R	32	8	12	.400	5.44	29	25	2	1	0	1	142.33	150	93	86	16	72	1	125	3	1	5	638	81	4.43	1.560	9.5	1.0	4.6	7.9	1.74
s	P	Yovani Gallardo		R	30	6	8	.429	5.42	23	23	0	0	0	0	118.0	126	74	71	16	61	2	85	1	0	6	526	82	5.04	1.585	9.6	1.2	4.7	6.5	1.39
s	P	Tyler Wilson		R	26	4	6	.400	5.27	24	13	5	0	0	0	94.0	110	57	55	15	24	1	55	4	0	2	414	84	4.94	1.426	10.5	1.4	2.3	5.3	2.29
*Bullpen
m	P	Mike Wright			R	26	3	4	.429	5.79	18	12	5	0	0	0	74.67	81	53	48	12	26	0	50	9	0	2	328	77	5.30	1.433	9.8	1.4	3.1	6.0	1.92
m	P	Dylan Bundy			R	23	10	6	.625	4.02	36	14	6	0	0	0	109.67	109	52	49	18	42	4	104	6	0	0	474	110	4.70	1.377	8.9	1.5	3.4	8.5	2.48
m	P	Vance Worley		R	28	2	2	.500	3.53	35	4	13	0	0	1	86.67	84	37	34	11	35	0	56	3	0	3	365	126	4.82	1.373	8.7	1.1	3.6	5.8	1.60
m	P	Brad Brach			R	30	10	4	.714	2.05	71	0	16	0	0	2	79.0	57	23	18	7	25	1	92	0	1	4	311	216	2.92	1.038	6.5	0.8	2.8	10.5	3.68
m	P	Mychal Givens		R	26	8	2	.800	3.13	66	0	8	0	0	0	74.67	59	28	26	6	36	2	96	6	0	3	313	142	3.31	1.272	7.1	0.7	4.3	11.6	2.67
m	P	Wade Miley			L	29	2	5	.286	6.17	11	11	0	0	0	0	54.0	70	38	37	7	15	0	55	3	0	3	242	72	3.79	1.574	11.7	1.2	2.5	9.2	3.67
m	P	Odrisamer Despaigne	R	29	0	2	.000	5.60	16	0	5	0	0	0	27.33	32	18	17	3	15	1	17	1	1	0	122	80	5.09	1.720	10.5	1.0	4.9	5.6	1.13
m	P	T.J. McFarland		L	27	2	2	.500	6.93	16	0	2	0	0	0	24.67	33	19	19	3	10	2	7	2	0	1	112	65	5.62	1.743	12.0	1.1	3.6	2.6	0.70
m	P	Donnie Hart			R	25	0	0	.000	0.49	22	0	3	0	0	0	18.33	12	1	1	1	6	1	12	0	0	0	71	917	3.53	0.982	5.9	0.5	2.9	5.9	2.00
m	P	Oliver Drake		R	29	1	0	1.000	4.00	14	0	5	0	0	0	18.0	11	11	8	2	7	0	21	0	0	1	74	113	3.42	1.000	5.5	1.0	3.5	10.5	3.00
su	P	Darren O'Day		R	33	3	1	.750	3.77	34	0	6	0	0	3	31.0	25	13	13	6	13	2	38	1	0	0	131	118	4.57	1.226	7.3	1.7	3.8	11.0	2.92
c	P	Zach Britton		L	28	2	1	.667	0.54	69	0	63	0	0	47	67.0	38	7	4	1	18	3	74	0	0	10	254	827	1.94	0.836	5.1	0.1	2.4	9.9	4.11