BOS 2016 Boston Red Sox		B	Age	G	PA	AB	R	H	2B	3B	HR	RBI	SB	CS	BB	SO	BA		OBP		SLG		OPS		OPS+ TB	GDP	HBP	SH	SF	IBB	PO	 A	E
f	RF	Mookie Betts		R	23	158	730	672	122	214	42	5	31	113	26	4	49	80	.318	.363	.534	.897	131	359	12	2	0	7	1	346	14	1	 	
f	2B	Dustin Pedroia		R	32	154	698	633	105	201	36	1	15	74	7	4	61	73	.318	.376	.449	.825	116	284	24	0	1	3	0	245	362	6
f	SS	Xander Bogaerts		R	23	157	719	652	115	192	34	1	21	89	13	4	58	123	.294	.356	.446	.802	109	291	14	6	0	3	0	195	355	13
f	1B	Hanley Ramirez		R	32	147	620	549	81	157	28	1	30	111	9	3	60	120	.286	.361	.505	.866	124	277	17	7	0	4	5	1000 39 4
f	3B	Travis Shaw			L	26	145	530	480	63	116	34	2	16	71	5	1	43	133	.242	.306	.421	.726	88	202	10	3	0	4	4	328	216	16
f	LF	Brock Holt			L	28	94	324	290	45	74	16	0	7	34	4	3	27	58	.255	.322	.383	.705	84	111	5	3	1	3	0	133	58	4
f	C	Sandy Leon			S	27	78	283	252	36	78	17	2	7	35	0	0	23	66	.310	.369	.476	.845	120	120	4	2	4	2	1	561 35	1
f	CF	Jackie Bradley		L	26	156	636	558	94	149	30	7	26	87	9	2	63	143	.267	.349	.486	.835	116	271	10	10	0	5	5	365	13	3
*Bench
b	DH3	David Ortiz			L	40	151	626	537	79	169	48	1	38	127	2	0	80	86	.315	.401	.620	1.021	162	333	22	2	0	7	15
b	LF	Chris Young			R	32	76	227	203	29	56	18	0	9	24	4	2	21	50	.276	.352	.498	.850	120	101	4	3	0	0	0
b	C	Christian Vazquez	R	25	57	184	172	21	39	9	1	1	12	0	0	10	39	.227	.277	.308	.585	54	53	3	2	0	0	1
b	3B	Aaron Hill			R	34	47	137	124	14	27	3	0	2	9	0	0	11	16	.218	.287	.290	.577	53	36	1	1	0	0	2
b	LF	Andrew Benintendi	L	21	34	118	105	16	31	11	1	2	14	1	0	10	25	.295	.359	.476	.835	117	50	0	1	1	1	0
b	C	Ryan Hanigan		R	35	35	113	105	9	18	4	0	1	14	0	0	7	27	.171	.230	.238	.468	24	25	5	1	0	0	0
b	UT	Blake Swihart		S	24	19	74	62	9	16	0	3	0	5	0	1	11	17	.258	.365	.355	.720	91	22	0	0	0	1	0
*Pitching 					T	Age	W	L	W-L%	ERA		G	GS	GF	CG	SHO	SV	IP		H	R	ER	HR	BB	IBB	SO	HBP	BK	WP	BF	ERA+ FIP	WHIP	H9	HR9	BB9	SO9	SO/W
s	P	David Price			L	30	17	9	.654	3.99	35	35	0	2	0	0	230.0	227	106	102	30	50	1	228	7	0	4	951	114	3.60	1.204	8.9	1.2	2.0	8.9	4.56
s	P	Rick Porcello		R	27	22	4	.846	3.15	33	33	0	3	0	0	223.0	193	85	78	23	32	0	189	13	0	3	890	145	3.40	1.009	7.8	0.9	1.3	7.6	5.91
s	P	Steven Wright		R	31	13	6	.684	3.33	24	24	0	4	1	0	156.67	138	74	58	12	57	1	127	8	0	10	656	137	3.77	1.245	7.9	0.7	3.3	7.3	2.23
s	P	Clay Buchholz		R	31	8	10	.444	4.78	37	21	7	0	0	0	139.33	130	80	74	21	55	1	93	5	0	1	588	95	5.06	1.328	8.4	1.4	3.6	6.0	1.69
s	P	Eduardo Rodriguez	L	23	3	7	.300	4.71	20	20	0	0	0	0	107.0	99	58	56	16	40	1	100	3	0	0	458	97	4.43	1.299	8.3	1.3	3.4	8.4	2.50
*Bullpen
m	P	Drew Pomeranz		L	27	3	5	.375	4.59	14	13	1	0	0	0	68.67	70	35	35	14	24	1	71	0	0	3	292	100	4.78	1.369	9.2	1.8	3.1	9.3	2.96
m	P	Matt Barnes			R	26	4	3	.571	4.05	62	0	13	0	0	1	66.67	62	32	30	6	31	1	71	3	0	4	287	113	3.72	1.395	8.4	0.8	4.2	9.6	2.29
m	P	Robbie Ross			L	27	3	2	.600	3.25	54	0	8	0	0	0	55.33	47	21	20	2	23	0	56	8	0	7	238	141	3.27	1.265	7.6	0.3	3.7	9.1	2.43
m	P	Junichi Tazawa		R	30	3	2	.600	4.17	53	0	5	0	0	0	49.67	47	23	23	9	14	1	54	1	0	4	208	110	4.23	1.228	8.5	1.6	2.5	9.8	3.86
m	P	Heath Hembree		R	27	4	1	.800	2.65	38	0	8	0	0	0	51.0	51	23	15	6	17	1	47	0	0	0	223	173	3.83	1.333	9.0	1.1	3.0	8.3	2.76
m	P	Joe Kelly			R	28	4	0	1.000	5.18	20	6	6	0	0	0	40.0	44	23	23	5	24	0	48	2	0	0	188	89	4.32	1.700	9.9	1.1	5.4	10.8	2.00
m	P	Brad Ziegler		R	36	2	4	.333	1.52	33	0	12	0	0	4	29.67	26	8	5	1	11	2	31	1	0	1	124	303	2.71	1.247	7.9	0.3	3.3	9.4	2.82
m	P	Tommy Layne			L	31	0	1	.000	3.77	34	0	12	0	0	0	28.67	27	12	12	1	14	2	25	1	0	1	120	122	3.43	1.430	8.5	0.3	4.4	7.8	1.79
m	P	Henry Owens			L	23	0	2	.000	6.95	5	5	0	0	0	0	22.0	23	17	17	5	20	1	21	1	0	3	103	66	7.06	1.955	9.4	2.0	8.2	8.6	1.05
m	P	Sean O'Sullivan		R	28	2	0	1.000	6.75	5	4	1	0	0	0	21.33	30	17	16	3	6	0	13	2	0	2	98	68	4.88	1.688	12.7	1.3	2.5	5.5	2.17
su	P	Koji Uehara			R	41	2	3	.400	3.45	50	0	12	0	0	7	47.0	34	18	18	8	11	1	63	2	0	1	184	133	3.51	0.957	6.5	1.5	2.1	12.1	5.73
c	P	Craig Kimbrel		R	28	2	6	.250	3.40	57	0	47	0	0	31	53.0	28	22	20	4	30	0	83	4	0	6	220	135	2.92	1.094	4.8	0.7	5.1	14.1	2.77