CHW 2016 Chicago White Sox	B	Age	G	PA	AB	R	H	2B	3B	HR	RBI	SB	CS	BB	SO	BA		OBP		SLG		OPS		OPS+ TB	GDP	HBP	SH	SF	IBB	PO	A	E
f	RF	Adam Eaton			L	27	157	706	619	91	176	29	9	14	59	14	5	63	115	.284	.362	.428	.790	119	265	6	14	7	3	2	417	18	5
f	SS	Tim Anderson		R	23	99	431	410	57	116	22	6	9	30	10	2	13	117	.283	.306	.432	.738	102	177	15	1	6	1	0	142	244	14
f	1B	Jose Abreu			R	29	159	695	624	67	183	32	1	25	100	0	2	47	125	.293	.353	.468	.820	126	292	21	15	0	9	7	1243	84	10
f	LF	Melky Cabrera		S	31	151	646	591	70	175	42	5	14	86	2	0	47	69	.296	.345	.455	.800	120	269	17	0	3	5	2	232	12	3
f	3B	Todd Frazier		R	30	158	666	590	89	133	21	0	40	98	15	5	64	163	.225	.302	.464	.767	109	274	11	4	1	7	1	152	296	12
f	2B	Brett Lawrie		R	26	94	384	351	35	87	22	0	12	36	7	3	30	109	.248	.310	.413	.723	99	145	3	2	0	1	2	157	242	9
f	C	Dioner Navarro		S	32	85	298	271	25	57	13	2	6	32	1	2	20	63	.210	.267	.339	.606	67	92	5	2	2	3	0	584	36	8
f	CF	J.B. Shuck			L	29	81	241	224	27	46	5	2	4	14	3	3	12	21	.205	.248	.299	.547	52	67	5	1	3	1	0	129	4	2
*Bench
b	DH6	Avisail Garcia		R	25	120	453	413	59	101	18	2	12	51	4	4	34	115	.245	.307	.385	.692	91	159	9	4	0	2	0
b	MI	Tyler Saladino		R	26	93	319	298	33	84	14	0	8	38	11	5	13	62	.282	.315	.409	.725	100	122	11	3	2	3	0
b	DH	Justin Morneau		L	35	58	218	203	16	53	14	1	6	25	0	0	12	52	.261	.303	.429	.731	100	87	5	1	0	2	1
b	C	Alex Avila			L	29	57	209	169	19	36	6	0	7	11	0	0	38	78	.213	.359	.373	.732	105	63	3	1	0	1	0
b	CF	Austin Jackson		R	29	54	203	181	24	46	12	2	0	18	2	1	17	39	.254	.318	.343	.661	85	62	3	1	2	2	0
b	SS	Jimmy Rollins		S	37	41	166	149	25	33	8	1	2	8	5	2	16	33	.221	.295	.329	.624	74	49	2	0	0	1	0
b	2B	Carlos Sanchez		S	24	53	163	154	15	32	9	1	4	21	0	1	5	42	.208	.236	.357	.593	62	55	1	1	2	1	0
*Pitching 					T	Age	W	L	W-L%	ERA		G	GS	GF	CG	SHO	SV	IP		H	R	ER	HR	BB	IBB	SO	HBP	BK	WP	BF	ERA+ FIP	WHIP	H9	HR9	BB9	SO9	SO/W
s	P	Chris Sale			L	27	17	10	.630	3.34	32	32	0	6	1	0	226.67	190	88	84	27	45	2	233	17	0	2	907	120	3.46	1.037	7.5	1.1	1.8	9.3	5.18
s	P	Jose Quintana		L	27	13	12	.520	3.20	32	32	0	0	0	0	208.0	192	76	74	22	50	1	181	4	1	10	837	125	3.56	1.163	8.3	1.0	2.2	7.8	3.62
s	P	Carlos Rodon		L	23	9	10	.474	4.04	28	28	0	0	0	0	165.0	176	82	74	23	54	3	168	6	1	11	715	99	4.01	1.394	9.6	1.3	2.9	9.2	3.11
s	P	Miguel Gonzalez		R	32	5	8	.385	3.73	24	23	0	0	0	0	135.0	132	61	56	11	35	1	95	6	0	3	566	107	3.71	1.237	8.8	0.7	2.3	6.3	2.71
s	P	James Shields		R	34	4	12	.250	6.77	22	22	0	1	0	0	114.33	139	89	86	31	55	1	78	7	0	7	538	59	6.93	1.697	10.9	2.4	4.3	6.1	1.42
*Bullpen
m	P	Mat Latos			R	28	6	2	.750	4.62	11	11	0	0	0	0	60.33	63	33	31	10	25	1	32	1	0	1	265	87	5.53	1.459	9.4	1.5	3.7	4.8	1.28
m	P	Nate Jones			R	30	5	3	.625	2.29	71	0	11	0	0	3	70.67	48	20	18	7	15	3	80	3	0	7	274	175	2.93	0.892	6.1	0.9	1.9	10.2	5.33
m	P	Dan Jennings		L	29	4	3	.571	2.08	64	0	15	0	0	1	60.67	57	18	14	1	28	0	46	3	0	4	259	194	3.38	1.401	8.5	0.1	4.2	6.8	1.64
m	P	Matt Albers			R	33	2	6	.250	6.31	58	1	11	0	0	0	51.33	67	44	36	10	19	1	30	3	0	4	237	64	5.80	1.675	11.7	1.8	3.3	5.3	1.58
m	P	Zach Duke			L	33	2	0	1.000	2.63	53	0	9	0	0	1	37.67	31	11	11	2	16	3	42	2	0	2	159	154	3.04	1.248	7.4	0.5	3.8	10.0	2.63
m	P	Michael Ynoa		R	24	1	0	1.000	3.00	23	0	7	0	0	0	30.0	20	11	10	0	17	2	30	5	0	4	134	135	3.35	1.233	6.0	0.0	5.1	9.0	1.76
m	P	Anthony Ranaudo		R	26	0	1	.000	8.46	7	5	2	0	0	0	27.67	34	26	26	9	12	0	16	0	0	1	130	48	7.52	1.663	11.1	2.9	3.9	5.2	1.33
m	P	Tommy Kahnle		R	26	0	1	.000	2.63	29	0	12	0	0	1	27.33	21	8	8	2	20	3	25	0	0	3	119	154	4.46	1.500	6.9	0.7	6.6	8.2	1.25
m	P	Zach Putnam			R	28	1	0	1.000	2.30	25	0	6	0	0	0	27.33	25	7	7	2	11	1	30	0	0	2	114	176	3.11	1.317	8.2	0.7	3.6	9.9	2.73
m	P	Chris Beck			R	25	2	2	.500	6.39	25	0	4	0	0	0	25.33	31	18	18	3	17	1	20	2	0	0	123	63	5.36	1.895	11.0	1.1	6.0	7.1	1.18
m	P	Jacob Turner		R	25	1	2	.333	6.57	18	2	8	0	0	0	24.67	33	27	18	5	16	1	18	2	0	2	122	62	6.51	1.986	12.0	1.8	5.8	6.6	1.13
c	P	David Robertson		R	31	5	3	.625	3.47	62	0	48	0	0	37	62.33	53	24	24	6	32	4	75	1	0	1	267	116	3.58	1.364	7.7	0.9	4.6	10.8	2.34