CLE 2016 Cleveland Indians	B	Age	G	PA	AB	R	H	2B	3B	HR	RBI	SB	CS	BB	SO	BA		OBP		SLG		OPS		OPS+ TB	GDP	HBP	SH	SF	IBB	PO	A	E
f	2B	Jason Kipnis		L	29	156	688	610	91	168	41	4	23	82	15	3	60	146	.275	.343	.469	.811	107	286	21	6	5	7	0	198	422	12
f	SS	Francisco Lindor	S	22	158	684	604	99	182	30	3	15	78	19	5	57	88	.301	.358	.435	.794	104	263	18	5	3	15	3	215	447	12
f	1B	Mike Napoli			R	34	150	645	557	92	133	22	1	34	101	5	1	78	194	.239	.335	.465	.800	104	259	15	5	0	5	2	831	52	13
f	3B	Jose Ramirez		S	23	152	618	565	84	176	46	3	11	76	22	7	44	62	.312	.363	.462	.825	112	261	10	4	1	4	1	136	191	7
f	RF	Lonnie Chisenhall	L	27	126	418	385	43	110	25	5	8	57	6	0	23	70	.286	.328	.439	.767	96	169	4	3	3	4	2	199	7	3
f	CF	Tyler Naquin		L	25	116	365	321	52	95	18	5	14	43	6	3	36	112	.296	.372	.514	.886	126	165	4	4	2	2	4	183	6	2
f	C	Roberto Perez		R	27	61	184	153	14	28	6	1	3	17	0	0	23	44	.183	.285	.294	.579	51	45	4	0	5	3	0	476	29	2
f	LF	Rajai Davis			R	35	134	495	454	74	113	23	2	12	48	43	6	33	106	.249	.306	.388	.693	78	176	9	5	1	2	0	235	9	5
*Bench
b	DH0	Carlos Santana		S	30	158	688	582	89	151	31	3	34	87	5	2	99	99	.259	.366	.498	.865	121	290	18	2	0	5	0
b	3B	Juan Uribe			R	37	73	259	238	19	49	9	0	7	25	0	0	15	49	.206	.259	.332	.591	51	79	6	3	0	3	1
b	OF	Abraham Almonte		S	27	67	194	182	24	48	20	1	1	22	8	0	8	42	.264	.294	.401	.695	77	73	5	1	0	3	1
b	C	Yan Gomes			R	28	74	264	251	22	42	11	1	9	34	0	0	9	69	.167	.201	.327	.527	33	82	7	2	0	2	0
b	C	Chris Gimenez		R	33	68	155	139	17	30	4	0	4	11	0	0	10	41	.216	.272	.331	.602	55	46	8	1	4	1	0
b	OF	Marlon Byrd			R	38	34	129	115	11	31	6	0	5	19	0	0	11	38	.270	.326	.452	.778	98	52	1	0	0	3	1
b	UT	Michael Martinez	S	33	59	99	95	15	23	4	0	1	4	0	2	3	21	.242	.265	.316	.581	50	30	1	0	1	0	0
*Pitching 					T	Age	W	L	W-L%	ERA		G	GS	GF	CG	SHO	SV	IP		H	R	ER	HR	BB	IBB	SO	HBP	BK	WP	BF	ERA+ FIP	WHIP	H9	HR9	BB9	SO9	SO/W
s	P	Corey Kluber		R	30	18	9	.667	3.14	32	32	0	3	2	0	215.0	170	82	75	22	57	1	227	7	1	5	860	149	3.26	1.056	7.1	0.9	2.4	9.5	3.98
s	P	Trevor Bauer		R	25	12	8	.600	4.26	35	28	3	1	0	0	190.0	179	96	90	20	70	1	168	9	0	3	811	110	3.99	1.311	8.5	0.9	3.3	8.0	2.40
s	P	Josh Tomlin			R	31	13	9	.591	4.40	30	29	1	0	0	0	174.0	187	97	85	36	20	2	118	3	0	4	725	106	4.88	1.190	9.7	1.9	1.0	6.1	5.90
s	P	Carlos Carrasco		R	29	11	8	.579	3.32	25	25	0	1	1	0	146.33	134	64	54	21	34	2	150	3	1	4	599	141	3.72	1.148	8.2	1.3	2.1	9.2	4.41
s	P	Danny Salazar		R	26	11	6	.647	3.87	25	25	0	0	0	0	137.33	121	61	59	16	63	3	161	2	3	9	584	121	3.74	1.340	7.9	1.0	4.1	10.6	2.56
*Bullpen
m	P	Dan Otero			R	31	5	1	.833	1.53	62	0	20	0	0	1	70.67	54	14	12	2	10	1	57	0	0	2	269	307	2.33	0.906	6.9	0.3	1.3	7.3	5.70
m	P	Bryan Shaw			R	28	2	5	.286	3.24	75	0	9	0	0	1	66.67	56	26	24	8	28	3	69	1	0	2	275	145	3.94	1.260	7.6	1.1	3.8	9.3	2.46
m	P	Zach McAllister		R	28	3	2	.600	3.44	53	2	11	0	0	0	52.33	53	21	20	6	23	2	54	2	0	3	233	137	4.01	1.452	9.1	1.0	4.0	9.3	2.35
m	P	Jeff Manship		R	31	2	1	.667	3.12	53	0	8	0	0	0	43.33	40	20	15	7	22	2	36	0	0	0	189	151	5.11	1.431	8.3	1.5	4.6	7.5	1.64
m	P	Cody Anderson		R	25	2	5	.286	6.68	19	9	2	0	0	0	60.67	85	45	45	13	13	3	54	1	0	5	270	70	4.84	1.615	12.6	1.9	1.9	8.0	4.15
m	P	Mike Clevinger		R	25	3	3	.500	5.26	17	10	3	0	0	0	53.0	50	31	31	8	29	0	50	0	0	2	233	89	4.86	1.491	8.5	1.4	4.9	8.5	1.72
m	P	Tommy Hunter		R	29	2	2	.500	3.74	21	0	5	0	0	0	21.67	21	10	9	1	5	1	17	2	0	0	90	127	3.15	1.200	8.7	0.4	2.1	7.1	3.40
m	P	Joba Chamberlain	R	30	0	0	0		2.25	20	0	5	0	0	0	20.0	12	6	5	1	11	3	18	1	0	1	82	211	3.80	1.150	5.4	0.5	5.0	8.1	1.64
m	P	Austin Adams		R	29	0	0	0		9.82	19	0	11	0	0	0	18.33	27	22	20	5	7	1	17	0	0	0	88	48	5.98	1.855	13.3	2.5	3.4	8.3	2.43
m	P	Kyle Crockett		L	24	0	0	0		5.06	29	0	4	0	0	0	16.0	16	9	9	0	7	2	17	0	1	1	70	94	2.33	1.438	9.0	0.0	3.9	9.6	2.43
su	P	Andrew Miller		L	31	4	0	1.000	1.55	26	0	7	0	0	3	29.0	14	5	5	3	2	0	46	0	0	1	103	304	1.53	0.552	4.3	0.9	0.6	14.3	23.00
c	P	Cody Allen			R	27	3	5	.375	2.51	67	0	55	0	0	32	68.0	41	23	19	8	27	2	87	0	0	3	264	187	3.31	1.000	5.4	1.1	3.6	11.5	3.22