DET 2016 Detroit Tigers		B	Age	G	PA	AB	R	H	2B	3B	HR	RBI	SB	CS	BB	SO	BA		OBP		SLG		OPS		OPS+ TB	GDP	HBP	SH	SF	IBB	PO 	A	E
f	2B	Ian Kinsler			R	34	153	679	618	117	178	29	4	28	83	14	6	45	115	.288	.348	.484	.831	124	299	5	13	0	3	0	303	432	9
f	CF	Cameron Maybin		R	29	94	391	349	65	110	14	5	4	43	15	6	36	69	.315	.383	.418	.801	120	146	8	3	2	1	0	223	0	4
f	1B	Miguel Cabrera		R	33	158	679	595	92	188	31	1	38	108	0	0	75	116	.316	.393	.563	.956	157	335	26	4	0	5	15	1188	95	7
f	RF	J.D. Martinez		R	28	120	517	460	69	141	35	2	22	68	1	2	49	128	.307	.373	.535	.908	144	246	13	3	0	5	2	201	3	6
f	3B	Nick Castellanos	R	24	110	447	411	54	117	25	4	18	58	1	1	28	111	.285	.331	.496	.827	122	204	4	3	0	5	1	66	184	9
f	LF	Justin Upton		R	28	153	626	570	81	140	28	2	31	87	9	4	50	179	.246	.310	.465	.775	108	265	15	4	0	2	3	267	4	4
f	C	James McCann		R	26	105	373	344	31	76	9	1	12	48	0	1	23	109	.221	.272	.358	.629	70	123	12	2	1	3	0	756	44	4
f	SS	Jose Iglesias		R	26	137	513	467	57	119	26	0	4	32	7	4	28	50	.255	.306	.336	.643	76	157	12	8	7	3	1	180	389	5
*Bench
b	DH3	Victor Martinez		S	37	154	610	553	65	160	22	0	27	86	0	0	50	90	.289	.351	.476	.826	123	263	19	4	0	3	8
b	C	Jarrod Saltalamacchia	S	31	92	292	246	30	42	5	1	12	38	0	0	41	104	.171	.284	.346	.630	71	85	1	0	0	5	1
b	UT	Andrew Romine		S	30	109	194	174	21	41	5	2	2	16	8	0	13	38	.236	.304	.322	.626	72	56	5	4	3	0	0
b	RF	Mike Aviles			R	35	68	181	167	17	35	5	1	1	6	2	2	9	27	.210	.258	.269	.528	45	45	5	2	3	0	0
b	CF	Tyler Collins		L	26	56	151	136	14	32	2	3	4	15	1	1	13	38	.235	.305	.382	.687	86	52	1	1	0	1	0
b	CF	Anthony Gose		L	25	30	101	91	11	19	2	2	2	7	0	1	9	38	.209	.287	.341	.628	71	31	1	1	0	0	0
b	OF	Steven Moya			L	24	31	100	94	9	24	4	2	5	11	0	1	5	38	.255	.290	.500	.790	110	47	0	0	0	1	0
*Pitching 					T	Age	W	L	W-L%	ERA		G	GS	GF	CG	SHO	SV	IP		H	R	ER	HR	BB	IBB	SO	HBP	BK	WP	BF	ERA+ FIP	WHIP	H9	HR9	BB9	SO9	SO/W
s	P	Justin Verlander	R	33	16	9	.640	3.04	34	34	0	2	0	0	227.67	171	81	77	30	57	1	254	8	0	6	903	136	3.48	1.001	6.8	1.2	2.3	10.0	4.46
s	P	Michael Fulmer		R	23	11	7	.611	3.06	26	26	0	1	1	0	159.0	136	57	54	16	42	1	132	9	1	1	647	135	3.76	1.119	7.7	0.9	2.4	7.5	3.14
s	P	Anibal Sanchez		R	32	7	13	.350	5.87	35	26	3	0	0	0	153.33	171	108	100	30	53	1	135	5	2	7	668	70	5.06	1.461	10.0	1.8	3.1	7.9	2.55
s	P	Mike Pelfrey		R	32	4	10	.286	5.07	24	22	0	0	0	0	119.0	160	76	67	15	46	0	56	6	0	3	541	82	5.15	1.731	12.1	1.1	3.5	4.2	1.22
s	P	Jordan Zimmermann	R	30	9	7	.563	4.87	19	18	1	0	0	0	105.33	118	63	57	14	26	0	66	2	0	3	450	85	4.42	1.367	10.1	1.2	2.2	5.6	2.54
*Bullpen
m	P	Matt Boyd			L	25	6	5	.545	4.53	20	18	1	0	0	0	97.33	97	51	49	17	29	0	82	4	0	1	412	91	4.75	1.295	9.0	1.6	2.7	7.6	2.83
m	P	Alex Wilson			R	29	4	0	1.000	2.96	62	0	6	0	0	0	73.0	68	26	24	5	21	5	49	1	0	2	297	140	3.60	1.219	8.4	0.6	2.6	6.0	2.33
m	P	Justin Wilson		L	28	4	5	.444	4.14	66	0	10	0	0	1	58.67	61	29	27	6	17	2	65	1	0	4	251	100	3.18	1.330	9.4	0.9	2.6	10.0	3.82
m	P	Kyle Ryan			L	24	4	2	.667	3.07	56	0	14	0	0	0	55.67	48	21	19	2	15	5	35	3	0	1	226	135	3.33	1.132	7.8	0.3	2.4	5.7	2.33
m	P	Mark Lowe			R	33	1	3	.250	7.11	54	0	26	0	0	0	49.33	57	41	39	12	21	2	49	1	0	2	224	58	5.66	1.581	10.4	2.2	3.8	8.9	2.33
m	P	Daniel Norris		L	23	4	2	.667	3.38	14	13	1	0	0	0	69.33	75	30	26	10	22	0	71	0	0	1	302	123	3.92	1.399	9.7	1.3	2.9	9.2	3.23
m	P	Bruce Rondon		R	25	5	2	.714	2.97	37	0	7	0	0	0	36.33	23	12	12	5	12	1	45	3	1	1	144	140	3.70	0.963	5.7	1.2	3.0	11.1	3.75
m	P	Buck Farmer			R	25	0	1	.000	4.60	14	1	7	0	0	0	29.33	25	15	15	4	20	1	27	1	0	2	131	91	5.23	1.534	7.7	1.2	6.1	8.3	1.35
m	P	Blaine Hardy		L	29	1	0	1.000	3.51	21	0	10	0	0	0	25.67	25	11	10	2	12	1	20	0	0	1	112	119	4.00	1.442	8.8	0.7	4.2	7.0	1.67
m	P	Drew VerHagen		R	25	1	0	1.000	7.11	19	0	4	0	0	0	19.0	28	15	15	3	7	1	10	1	0	1	90	59	5.41	1.842	13.3	1.4	3.3	4.7	1.43
su	P	Shane Greene		R	27	5	4	.556	5.82	50	3	4	0	0	2	60.33	58	39	39	3	22	1	59	4	0	0	256	71	3.13	1.326	8.7	0.4	3.3	8.8	2.68
c	P	Francisco Rodriguez	R	34	3	4	.429	3.24	61	0	55	0	0	44	58.33	45	24	21	6	21	1	52	1	0	4	235	128	3.83	1.131	6.9	0.9	3.2	8.0	2.48