HOU 2016 Houston Astros		B	Age	G	PA	AB	R	H	2B	3B	HR	RBI	SB	CS	BB	SO	BA		OBP		SLG		OPS		OPS+ TB	GDP	HBP	SH	SF	IBB	PO	A	E
f	RF	George Springer		R	26	162	744	644	116	168	29	5	29	82	9	10	88	178	.261	.359	.457	.815	124	294	12	11	0	1	2	308	12	2
f	1B	Marwin Gonzalez		S	27	141	518	484	55	123	26	3	13	51	12	6	22	118	.254	.293	.401	.694	90	194	16	5	6	1	1	701	150	8
f	2B	Jose Altuve			R	26	161	717	640	108	216	42	5	24	96	30	10	60	70	.338	.396	.531	.928	154	340	15	7	3	7	11	206	363	7
f	SS	Carlos Correa		R	21	153	660	577	76	158	36	3	20	96	13	3	75	139	.274	.361	.451	.811	123	260	12	5	0	3	5	202	426	14
f	LF	Colby Rasmus		L	29	107	417	369	38	76	10	0	15	54	4	1	43	121	.206	.286	.355	.641	76	131	5	0	1	4	0	173	13	0
f	3B	Luis Valbuena		L	30	90	342	292	38	76	17	1	13	40	1	1	44	81	.260	.357	.459	.816	124	134	5	1	3	2	2	115	149	6
f	CF	Carlos Gomez		R	30	85	323	295	27	62	16	1	5	29	13	2	21	100	.210	.272	.322	.594	64	95	11	4	3	0	2	157	7	1
f	C	Jason Castro		L	29	113	376	329	41	69	16	3	11	32	2	1	45	123	.210	.307	.377	.684	88	124	9	1	1	0	0	872	54	4
*Bench
b	DH4	Evan Gattis			R	29	128	499	447	58	112	19	0	32	72	2	1	43	127	.251	.319	.508	.826	124	227	12	4	0	5	6
b	OF	Jake Marisnick		R	25	118	311	287	40	60	18	1	5	21	10	5	16	83	.209	.257	.331	.588	62	95	4	3	4	1	0
b	UT	Tyler White			R	25	86	276	249	24	54	16	0	8	28	1	0	23	65	.217	.286	.378	.664	82	94	6	2	0	2	1
b	3B	Alex Bregman		R	22	49	217	201	31	53	13	3	8	34	2	0	15	52	.264	.313	.478	.791	115	96	1	0	0	1	0
b	UT	Preston Tucker		L	25	48	144	134	11	22	8	1	4	8	0	0	8	40	.164	.222	.328	.551	50	44	2	2	0	0	0
b	1B	A.J. Reed			L	23	45	141	122	11	20	3	0	3	8	0	0	18	48	.164	.270	.262	.532	49	32	1	0	0	1	0
b	3B	Yulieski Gurriel	R	32	36	137	130	13	34	7	0	3	15	1	1	5	12	.262	.292	.385	.677	85	50	7	1	0	1	0
*Pitching 					T	Age	W	L	W-L%	ERA		G	GS	GF	CG	SHO	SV	IP		H	R	ER	HR	BB	IBB	SO	HBP	BK	WP	BF	ERA+ FIP	WHIP	H9	HR9	BB9	SO9	SO/W
s	P	Collin McHugh		R	29	13	10	.565	4.34	33	33	0	1	0	0	184.67	206	92	89	25	54	1	177	5	0	9	796	91	3.95	1.408	10.0	1.2	2.6	8.6	3.28
s	P	Doug Fister			R	32	12	13	.480	4.64	32	32	0	0	0	0	180.33	195	98	93	24	62	1	115	7	0	10	779	85	4.75	1.425	9.7	1.2	3.1	5.7	1.85
s	P	Mike Fiers			R	31	11	8	.579	4.48	31	30	0	0	0	0	168.67	187	89	84	26	42	0	134	7	0	17	724	88	4.43	1.358	10.0	1.4	2.2	7.2	3.19
s	P	Dallas Keuchel		L	28	9	12	.429	4.55	26	26	0	1	1	0	168.0	168	88	85	20	48	1	144	2	0	9	701	87	3.87	1.286	9.0	1.1	2.6	7.7	3.00
s	P	Lance McCullers		R	22	6	5	.545	3.22	14	14	0	0	0	0	81.0	80	29	29	5	45	1	106	0	2	9	352	123	3.00	1.543	8.9	0.6	5.0	11.8	2.36
*Bullpen
m	P	Will Harris			R	31	1	2	.333	2.25	66	0	19	0	0	12	64.0	52	17	16	3	15	1	69	1	0	4	255	177	2.35	1.047	7.3	0.4	2.1	9.7	4.60
m	P	Pat Neshek			R	35	2	2	.500	3.06	60	0	9	0	0	0	47.0	33	17	16	6	11	7	43	0	0	1	185	130	3.68	0.936	6.3	1.1	2.1	8.2	3.91
m	P	Tony Sipp			L	32	1	2	.333	4.95	60	0	13	0	0	1	43.67	52	26	24	12	18	0	40	1	0	0	195	81	6.19	1.603	10.7	2.5	3.7	8.2	2.22
m	P	Chris Devenski		R	25	4	4	.500	2.16	48	5	16	0	0	1	108.33	79	26	26	4	20	0	104	3	0	2	408	184	2.34	0.914	6.6	0.3	1.7	8.6	5.20
m	P	Michael Feliz		R	23	8	1	.889	4.43	47	0	17	0	0	0	65.0	55	33	32	10	22	0	95	0	0	6	270	90	3.24	1.185	7.6	1.4	3.0	13.2	4.32
m	P	Scott Feldman		R	33	5	3	.625	2.90	26	5	9	0	0	0	62.0	64	27	20	8	13	3	42	3	0	0	265	137	4.24	1.242	9.3	1.2	1.9	6.1	3.23
m	P	Joseph Musgrove		R	23	4	4	.500	4.06	11	10	1	0	0	0	62.0	59	28	28	9	16	0	55	3	0	0	256	98	4.18	1.210	8.6	1.3	2.3	8.0	3.44
m	P	Brad Peacock		R	28	0	1	.000	3.69	10	5	3	0	0	0	31.67	21	15	13	6	14	0	28	0	0	2	127	108	5.17	1.105	6.0	1.7	4.0	8.0	2.00
m	P	James Hoyt			R	29	1	1	.500	4.50	22	0	7	0	0	0	22.0	16	12	11	5	9	1	28	1	0	3	91	89	4.92	1.136	6.5	2.0	3.7	11.5	3.11
m	P	Josh Fields			R	30	0	0	.000	6.89	15	0	7	0	0	0	15.67	23	14	12	2	3	0	20	0	0	0	71	59	2.83	1.660	13.2	1.1	1.7	11.5	6.67
su	P	Luke Gregerson		R	32	4	3	.571	3.28	59	0	25	0	0	15	57.67	38	23	21	5	18	2	67	2	0	6	230	121	2.99	0.971	5.9	0.8	2.8	10.5	3.72
c	P	Ken Giles			R	25	2	5	.286	4.11	69	0	24	0	0	15	65.67	60	32	30	8	25	1	102	2	0	14	286	97	2.86	1.294	8.2	1.1	3.4	14.0	4.08