KCR 2016 Kansas City Royals	B	Age	G	PA	AB	R	H	2B	3B	HR	RBI	SB	CS	BB	SO	BA		OBP		SLG		OPS		OPS+ TB	GDP	HBP	SH	SF	IBB	PO	A	E
f	SS	Alcides Escobar		R	29	162	682	637	57	166	24	6	7	55	17	4	27	96	.261	.292	.350	.642	70	223	16	3	10	5	2	221	426	14
f	3B	Cheslor Cuthbert	R	23	128	510	475	49	130	28	1	12	46	2	0	32	96	.274	.318	.413	.731	93	196	14	0	1	2	0	77	216	16
f	CF	Lorenzo Cain		R	30	103	434	397	56	114	19	1	9	56	14	5	31	84	.287	.339	.408	.747	98	162	15	2	0	4	3	257	3	3
f	1B	Eric Hosmer			L	26	158	667	605	80	161	24	1	25	104	5	3	57	132	.266	.328	.433	.761	101	262	18	1	0	4	5	1240	74	6
f	LF	Alex Gordon			L	32	128	506	445	62	98	16	2	17	40	8	1	52	148	.220	.312	.380	.692	84	169	9	8	0	1	3	222	6	2
f	C	Salvador Perez		R	26	139	546	514	57	127	28	2	22	64	0	0	22	119	.247	.288	.438	.725	89	225	12	8	0	2	3	992	77	4
f	2B	Whit Merrifield		R	27	81	332	311	44	88	22	3	2	29	8	3	19	72	.283	.323	.392	.716	90	122	1	0	1	1	1	130	167	5
f	RF	Paulo Orlando		R	30	128	484	457	52	138	24	4	5	43	14	3	13	105	.302	.329	.405	.734	95	185	12	7	3	3	1	235	6	4
*Bench
b	DH4	Kendrys Morales		S	33	154	618	558	65	147	24	0	30	93	0	0	48	120	.263	.327	.468	.795	108	261	20	7	0	5	2
b	OF	Jarrod Dyson		L	31	107	337	299	46	83	14	8	1	25	30	7	26	39	.278	.340	.388	.728	94	116	4	3	8	1	2
b	2B	Christian Colon		R	27	54	161	147	13	34	6	0	1	13	0	1	11	31	.231	.294	.293	.586	58	43	4	2	1	0	0
b	2B	Omar Infante		R	34	39	149	134	16	32	9	1	0	11	0	0	9	23	.239	.279	.321	.600	60	43	0	0	2	4	0
b	2B	Raul Mondesi		S	20	47	149	135	16	25	1	3	2	13	9	1	6	48	.185	.231	.281	.512	36	38	1	2	6	0	0
b	C	Drew Butera			R	32	56	133	123	18	35	10	1	4	16	0	0	8	36	.285	.328	.480	.808	112	59	2	0	2	0	0
b	3B	Mike Moustakas		L	27	27	113	104	12	25	6	0	7	13	0	1	9	13	.240	.301	.500	.801	108	52	5	0	0	0	0
*Pitching 					T	Age	W	L	W-L%	ERA		G	GS	GF	CG	SHO	SV	IP		H	R	ER	HR	BB	IBB	SO	HBP	BK	WP	BF	ERA+ FIP	WHIP	H9	HR9	BB9	SO9	SO/W
s	P	Ian Kennedy			R	31	11	11	.500	3.68	33	33	0	0	0	0	195.67	173	81	80	33	66	1	184	13	0	4	818	118	4.67	1.221	8.0	1.5	3.0	8.5	2.79
s	P	Edinson Volquez		R	32	10	11	.476	5.37	34	34	0	0	0	0	189.33	217	124	113	23	76	1	139	7	1	5	853	81	4.57	1.548	10.3	1.1	3.6	6.6	1.83
s	P	Yordano Ventura		R	25	11	12	.478	4.45	32	32	0	2	0	0	186.0	190	96	92	23	78	1	144	8	1	13	816	98	4.59	1.441	9.2	1.1	3.8	7.0	1.85
s	P	Danny Duffy			L	27	12	3	.800	3.51	42	26	5	1	0	0	179.67	163	71	70	27	42	0	188	7	0	4	731	124	3.83	1.141	8.2	1.4	2.1	9.4	4.48
s	P	Dillon Gee			R	30	8	9	.471	4.68	33	14	3	0	0	0	125.0	146	67	65	24	37	3	89	6	1	1	551	93	5.25	1.464	10.5	1.7	2.7	6.4	2.41
*Bullpen
m	P	Joakim Soria		R	32	5	8	.385	4.05	70	0	18	0	0	1	66.67	70	31	30	10	27	0	68	2	3	2	293	108	4.36	1.455	9.5	1.4	3.6	9.2	2.52
m	P	Peter Moylan		R	37	2	0	1.000	3.43	50	0	11	0	0	0	44.67	42	19	17	4	16	0	34	2	0	3	191	128	4.00	1.299	8.5	0.8	3.2	6.9	2.13
m	P	Luke Hochevar		R	32	2	3	.400	3.86	40	0	1	0	0	0	37.33	31	17	16	6	9	0	40	3	0	2	151	113	4.06	1.071	7.5	1.4	2.2	9.6	4.44
m	P	Chris Young			R	37	3	9	.250	6.19	34	13	7	0	0	1	88.67	104	63	61	28	43	1	94	1	0	3	406	70	6.62	1.658	10.6	2.8	4.4	9.5	2.19
m	P	Brian Flynn			L	26	1	2	.333	2.60	36	1	11	0	0	0	55.33	38	19	16	5	23	0	44	1	0	8	221	168	4.03	1.102	6.2	0.8	3.7	7.2	1.91
m	P	Chien-Ming Wang		R	36	6	0	1.000	4.22	38	0	24	0	0	0	53.67	60	27	25	6	18	0	30	2	0	1	231	103	4.61	1.463	10.1	1.0	3.0	5.1	1.67
m	P	Kris Medlen			R	30	1	3	.250	7.77	6	6	0	0	0	0	24.33	30	25	21	2	20	0	18	0	0	1	119	57	5.20	2.055	11.1	0.7	7.4	6.7	0.90
m	P	Matt Strahm			L	24	2	2	.500	1.23	21	0	1	0	0	0	22.0	13	4	3	0	11	1	30	1	0	1	88	359	2.06	1.091	5.3	0.0	4.5	12.3	2.73
m	P	Scott Alexander		L	26	0	0	.000	3.32	17	0	4	0	0	0	19		24		7	7	1	7	0	16	0	0	0	84	133	3.25	1.632	11.4	0.5	3.3	7.6	2.29
m	P	Brooks Pounders		R	25	2	1	.667	9.24	13	0	6	0	0	0	12.67	19	13	13	6	3	0	13	0	1	0	58	48	7.96	1.737	13.5	4.3	2.1	9.2	4.33
su	P	Kelvin Herrera		R	26	2	6	.250	2.75	72	0	23	0	0	12	72.0	57	23	22	6	12	0	86	3	0	3	283	158	2.47	0.958	7.1	0.8	1.5	10.8	7.17
c	P	Wade Davis			R	30	2	1	.667	1.87	45	0	40	0	0	27	43.33	33	9	9	0	16	0	47	3	0	4	176	234	2.29	1.131	6.9	0.0	3.3	9.8	2.94