LAA 2016 Los Angeles Angels	B	Age	G	PA	AB	R	H	2B	3B	HR	RBI	SB	CS	BB	SO	BA		OBP		SLG		OPS		OPS+ TB	GDP	HBP	SH	SF	IBB	PO	A	E
f	3B	Yunel Escobar		R	33	132	567	517	68	157	28	1	5	39	0	3	40	67	.304	.355	.391	.745	108	202	21	3	3	4	0	95	188	19
f	RF	Kole Calhoun		L	28	157	672	594	91	161	35	5	18	75	2	3	67	118	.271	.348	.438	.786	117	260	10	6	0	5	0	306	9	5
f	CF	Mike Trout			R	24	159	681	549	123	173	32	5	29	100	30	7	116	137	.315	.441	.550	.991	174	302	5	11	0	5	12	360	7	4
f	1B	C.J. Cron			R	26	116	445	407	51	113	25	2	16	69	2	3	24	75	.278	.325	.467	.792	117	190	9	7	0	5	1	761	48	6
f	SS	Andrelton Simmons	R	26	124	483	448	48	126	22	2	4	44	10	1	28	38	.281	.324	.366	.690	92	164	16	2	1	4	0	198	337	10
f	2B	Johnny Giavotella	R	28	99	367	346	44	90	20	1	6	31	4	3	13	39	.260	.287	.376	.662	82	130	11	1	4	3	0	165	186	5
f	LF	Rafael Ortega		L	25	66	202	185	24	43	8	0	1	16	8	3	13	23	.232	.283	.292	.575	61	54	5	0	3	0	0	103	7	3
f	C	Carlos Perez		R	25	87	291	268	25	56	16	0	5	31	1	0	12	49	.209	.244	.325	.568	56	87	6	1	8	2	0	573	43	3
*Bench
b	DH3	Albert Pujols		R	36	152	650	593	71	159	19	0	31	119	4	0	49	75	.268	.323	.457	.780	114	271	24	2	0	6	6
b	UT	Jefry Marte			R	25	88	284	258	38	65	14	0	15	44	2	2	18	59	.252	.310	.481	.790	115	124	8	5	0	3	0
b	C	Jett Bandy			R	26	70	231	209	23	49	9	0	8	25	1	0	11	38	.234	.281	.392	.673	85	82	5	4	3	4	0
b	MI	Gregorio Petit		R	31	89	223	204	21	50	13	1	2	17	1	1	15	51	.245	.299	.348	.647	80	71	7	1	2	1	1
b	2B	Cliff Pennington	S	32	74	188	172	18	36	4	2	3	10	1	0	13	55	.209	.265	.308	.573	59	53	4	0	3	0	0
b	LF	Daniel Nava			S	33	45	136	119	10	28	5	0	1	13	0	0	9	26	.235	.309	.303	.611	72	36	2	5	0	3	0
b	UT	Ji-Man Choi			L	25	54	129	112	9	19	4	0	5	12	2	4	16	27	.170	.271	.339	.611	69	38	2	0	0	1	0
*Pitching 					T	Age	W	L	W-L%	ERA		G	GS	GF	CG	SHO	SV	IP		H	R	ER	HR	BB	IBB	SO	HBP	BK	WP	BF	ERA+ FIP	WHIP	H9	HR9	BB9	SO9	SO/W
s	P	Jered Weaver		R	33	12	12	.500	5.06	31	31	0	1	1	0	178.0	209	106	100	37	51	2	103	4	2	1	767	78	5.62	1.461	10.6	1.9	2.6	5.2	2.02
s	P	Matt Shoemaker		R	29	9	13	.409	3.88	27	27	0	1	1	0	160.0	166	71	69	18	30	1	143	7	0	2	668	102	3.51	1.225	9.3	1.0	1.7	8.0	4.77
s	P	Hector Santiago		L	28	10	4	.714	4.25	22	22	0	0	0	0	120.67	104	61	57	20	57	0	107	4	1	2	515	93	5.04	1.334	7.8	1.5	4.3	8.0	1.88
s	P	Jhoulys Chacin		R	28	5	6	.455	4.68	29	17	5	1	0	0	117.33	124	64	61	10	47	4	92	5	1	8	515	85	4.02	1.457	9.5	0.8	3.6	7.1	1.96
s	P	Ricky Nolasco		R	33	4	6	.400	3.21	11	11	0	1	1	0	73.0	63	27	26	8	15	0	51	2	0	3	290	124	3.87	1.068	7.8	1.0	1.8	6.3	3.40
*Bullpen
m	P	Nick Tropeano		R	25	3	2	.600	3.56	13	13	0	0	0	0	68.33	70	27	27	14	31	1	68	2	0	4	296	112	5.27	1.478	9.2	1.8	4.1	9.0	2.19
m	P	Jose Alvarez		L	27	1	3	.250	3.45	64	0	12	0	0	0	57.33	71	29	22	4	15	4	51	1	0	2	256	115	3.11	1.500	11.1	0.6	2.4	8.0	3.40
m	P	Fernando Salas		R	31	3	6	.333	4.47	58	0	22	0	0	6	56.33	52	28	28	9	19	1	45	0	0	0	231	89	4.64	1.260	8.3	1.4	3.0	7.2	2.37
m	P	Mike Morin			R	25	2	2	.500	4.37	60	0	8	0	0	0	55.67	52	31	27	6	15	1	49	1	1	1	227	91	3.65	1.204	8.4	1.0	2.4	7.9	3.27
m	P	Cam Bedrosian		R	24	2	0	1.000	1.12	45	0	9	0	0	1	40.33	30	7	5	1	14	1	51	2	0	3	162	358	2.13	1.091	6.7	0.2	3.1	11.4	3.64
m	P	Deolis Guerra		R	27	3	0	1.000	3.21	44	0	11	0	0	0	53.33	52	23	19	6	7	0	36	2	1	2	220	124	3.76	1.106	8.8	1.0	1.2	6.1	5.14
m	P	Tyler Skaggs		L	24	3	4	.429	4.17	10	10	0	0	0	0	49.67	51	23	23	5	23	0	50	2	0	0	219	96	3.95	1.490	9.2	0.9	4.2	9.1	2.17
m	P	J.C. Ramirez		R	27	2	1	.667	2.91	43	0	9	0	0	1	46.33	42	17	15	5	13	0	31	4	0	4	196	137	4.31	1.187	8.2	1.0	2.5	6.0	2.38
m	P	Tim Lincecum		R	32	2	6	.250	9.16	9	9	0	0	0	0	38.33	68	41	39	11	23	0	32	2	0	3	200	44	7.16	2.374	16.0	2.6	5.4	7.5	1.39
m	P	A.J. Achter			R	27	1	0	1.000	3.11	27	0	17	0	0	0	37.67	43	13	13	7	12	1	14	1	0	0	160	129	5.85	1.460	10.3	1.7	2.9	3.3	1.17
m	P	Joe Smith			R	32	1	4	.200	3.82	38	0	16	0	0	6	37.67	36	16	16	4	13	3	25	5	1	0	160	105	4.63	1.301	8.6	1.0	3.1	6.0	1.92
c	P	Huston Street		R	32	3	2	.600	6.45	26	0	21	0	0	9	22.33	31	16	16	5	12	2	14	0	0	0	105	62	6.41	1.925	12.5	2.0	4.8	5.6	1.17