MIN 2016 Minnesota Twins	B	Age	G	PA	AB	R	H	2B	3B	HR	RBI	SB	CS	BB	SO	BA		OBP		SLG		OPS		OPS+ TB	GDP	HBP	SH	SF	IBB	PO	A	E
f	2B	Brian Dozier		R	29	155	691	615	104	165	35	5	42	99	18	2	61	138	.268	.340	.546	.886	136	336	12	8	2	5	6	286	419	8
f	LF	Robbie Grossman		S	26	99	389	332	49	93	19	1	11	37	2	3	55	96	.280	.386	.443	.828	126	147	3	2	0	0	0	122	4	8
f	1B	Joe Mauer			L	33	134	576	494	68	129	22	4	11	49	2	0	79	93	.261	.363	.389	.752	106	192	11	1	0	2	10	811	53	2
f	3B	Trevor Plouffe		R	30	84	344	319	35	83	13	1	12	47	1	0	19	60	.260	.303	.420	.723	95	134	11	2	1	3	0	137	124	7
f	RF	Max Kepler			L	23	113	447	396	52	93	20	2	17	63	6	2	42	93	.235	.309	.424	.734	98	168	2	3	1	5	3	229	9	7
f	SS	Eduardo Escobar		S	27	105	377	352	32	83	14	2	6	37	1	3	21	72	.236	.280	.338	.618	68	119	7	1	2	1	1	105	243	10
f	C	Kurt Suzuki			R	32	106	373	345	34	89	24	1	8	49	0	0	18	48	.258	.301	.403	.704	90	139	9	5	1	4	0	679	28	5
f	CF	Byron Buxton		R	22	92	331	298	44	67	19	6	10	38	10	2	23	118	.225	.284	.430	.714	91	128	2	3	4	3	0	243	2	4
*Bench
b	DH5	Byung Ho-Park		R	29	62	244	215	28	41	9	1	12	24	1	0	21	80	.191	.275	.409	.684	83	88	3	5	0	3	0
b	UT	Miguel Sano			R	23	116	495	437	57	103	22	1	25	66	1	0	54	178	.236	.319	.462	.781	110	202	8	1	0	3	1
b	IF	Eduardo Nunez		R	29	91	396	371	49	110	15	1	12	47	27	6	15	58	.296	.325	.439	.764	106	163	6	3	2	5	0
b	OF	Eddie Rosario		L	24	92	354	335	52	90	17	2	10	32	5	2	12	91	.269	.295	.421	.716	93	141	4	2	2	3	2
b	SS	Jorge Polanco		S	22	69	270	245	24	69	15	4	4	27	4	3	17	46	.282	.332	.424	.757	105	104	3	3	2	3	0
b	CF	Danny Santana		S	25	75	248	233	29	56	10	2	2	14	12	9	12	55	.240	.279	.326	.606	65	76	1	1	1	1	0
b	C	Juan Centeno		L	26	55	192	176	16	46	12	1	3	25	0	0	12	38	.261	.312	.392	.704	91	69	8	1	3	0	0
*Pitching 					T	Age	W	L	W-L%	ERA		G	GS	GF	CG	SHO	SV	IP		H	R	ER	HR	BB	IBB	SO	HBP	BK	WP	BF	ERA+ FIP	WHIP	H9	HR9	BB9	SO9	SO/W
s	P	Ervin Santana		R	33	7	11	.389	3.38	30	30	0	2	1	0	181.33	168	78	68	19	53	2	149	4	3	11	748	124	3.81	1.219	8.3	0.9	2.6	7.4	2.81
s	P	Kyle Gibson			R	28	6	11	.353	5.07	25	25	0	1	0	0	147.33	175	89	83	20	55	3	104	4	0	9	653	82	4.70	1.561	10.7	1.2	3.4	6.4	1.89
s	P	Tyler Duffey		R	25	9	12	.429	6.43	26	26	0	0	0	0	133.0	167	103	95	25	32	3	114	6	1	9	596	65	4.73	1.496	11.3	1.7	2.2	7.7	3.56
s	P	Ricky Nolasco		R	33	4	8	.333	5.13	21	21	0	0	0	0	124.67	139	77	71	18	29	0	93	3	0	4	527	82	4.30	1.348	10.0	1.3	2.1	6.7	3.21
s	P	Tommy Milone		L	29	3	5	.375	5.71	19	12	3	0	0	0	69.33	84	53	44	15	22	3	49	1	1	3	311	73	5.54	1.529	10.9	1.9	2.9	6.4	2.23
*Bullpen
m	P	Jose Berrios		R	22	3	7	.300	8.02	14	14	0	0	0	0	58.33	74	56	52	12	35	0	49	5	0	1	281	52	6.20	1.869	11.4	1.9	5.4	7.6	1.40
m	P	Ryan Pressly		R	27	6	7	.462	3.70	72	0	10	0	0	1	75.33	79	34	31	8	23	2	67	2	0	7	328	113	3.74	1.354	9.4	1.0	2.7	8.0	2.91
m	P	Michael Tonkin		R	26	3	2	.600	5.02	65	0	23	0	0	0	71.67	80	46	40	13	24	0	80	3	0	5	315	83	4.40	1.451	10.0	1.6	3.0	10.0	3.33
m	P	Taylor Rogers		L	25	3	1	.750	3.96	57	0	8	0	0	0	61.33	63	29	27	7	16	3	64	5	0	1	264	106	3.57	1.288	9.2	1.0	2.3	9.4	4.00
m	P	Trevor May			R	26	2	2	.500	5.27	44	0	10	0	0	0	42.67	39	26	25	7	17	1	60	2	0	10	187	80	3.80	1.313	8.2	1.5	3.6	12.7	3.53
m	P	Pat Dean			L	27	1	6	.143	6.28	19	9	4	0	0	0	67.33	88	47	47	13	23	1	50	0	0	1	300	67	5.20	1.649	11.8	1.7	3.1	6.7	2.17
m	P	Hector Santiago		L	28	3	6	.333	5.58	11	11	0	0	0	0	61.33	65	39	38	13	22	0	37	1	0	1	270	75	5.82	1.418	9.5	1.9	3.2	5.4	1.68
m	P	Phil Hughes			R	30	1	7	.125	5.95	12	11	0	1	0	0	59.0	76	40	39	11	13	0	34	0	0	0	259	70	5.08	1.508	11.6	1.7	2.0	5.2	2.62
m	P	Buddy Boshers		L	28	2	0	1.000	4.25	37	0	9	0	0	0	36.0	35	21	17	3	7	1	37	1	0	1	152	99	2.84	1.167	8.8	0.8	1.8	9.3	5.29
m	P	Fernando Abad		L	30	1	4	.200	2.65	39	0	8	0	0	1	34.0	27	11	10	2	14	2	29	0	1	0	138	159	3.44	1.206	7.1	0.5	3.7	7.7	2.07
su	P	Kevin Jepsen		R	31	2	5	.286	6.16	33	0	19	0	0	7	30.67	42	22	21	7	12	1	22	0	0	2	141	68	5.85	1.761	12.3	2.1	3.5	6.5	1.83
c	P	Brandon Kintzler	R	31	0	2	.000	3.15	54	0	36	0	0	17	54.33	59	22	19	5	8	1	35	2	0	0	224	133	3.61	1.233	9.8	0.8	1.3	5.8	4.38