NYY 2016 New York Yankees	B	Age	G	PA	AB	R	H	2B	3B	HR	RBI	SB	CS	BB	SO	BA		OBP		SLG		OPS		OPS+ TB	GDP	HBP	SH	SF	IBB	PO	 A	E
f	CF	Jacoby Ellsbury		L	32	148	626	551	71	145	24	5	9	56	20	8	54	84	.263	.330	.374	.703	88	206	11	2	4	3	1	272	5	3
f	LF	Brett Gardner		L	32	148	634	547	80	143	22	6	7	41	16	4	70	106	.261	.351	.362	.713	92	198	6	8	4	5	0	250	9	3
f	1B	Mark Teixeira		S	36	116	438	387	43	79	16	0	15	44	2	0	47	105	.204	.292	.362	.654	74	140	7	2	0	2	1	867	39	3
f	C	Brian McCann		L	32	130	492	429	56	104	13	0	20	58	1	0	54	99	.242	.335	.413	.748	99	177	15	7	0	2	2	778	36	4
f	2B	Starlin Castro		R	26	151	610	577	63	156	29	1	21	70	4	0	24	118	.270	.300	.433	.734	93	250	15	3	1	5	1	227	383	12
f	SS	Didi Gregorius		L	26	153	597	562	68	155	32	2	20	70	7	1	19	82	.276	.304	.447	.751	97	251	9	6	5	5	2	180	380	15
f	3B	Chase Headley		S	32	140	529	467	58	118	18	1	14	51	8	2	51	118	.253	.331	.385	.716	91	180	7	6	0	5	3	90	278	10
f	RF	Aaron Hicks			S	26	123	361	327	32	71	13	1	8	31	3	4	30	68	.217	.281	.336	.617	65	110	7	0	1	3	1	186	3	1
*Bench
b	DH3	Alex Rodriguez		R	40	65	243	225	19	45	7	0	9	31	3	0	14	67	.200	.247	.351	.598	58	79	4	1	0	3	0
b	UT	Carlos Beltran		S	39	99	387	359	50	109	21	0	22	64	0	0	22	70	.304	.344	.546	.890	133	196	13	2	0	4	3
b	UT	Gary Sanchez		R	23	53	229	201	34	60	12	0	20	42	1	0	24	57	.299	.376	.657	1.032	168	132	5	2	0	2	2
b	C	Austin Romine		R	27	62	176	165	17	40	11	0	4	26	1	0	7	31	.242	.269	.382	.650	71	63	7	0	1	3	1
b	UT	Rob Refsnyder		R	25	58	175	152	25	38	9	0	0	12	2	1	18	30	.250	.328	.309	.637	73	47	5	1	0	3	2
b	3B	Ronald Torreyes		R	23	72	169	155	20	40	7	4	1	12	2	1	10	20	.258	.305	.374	.680	81	58	4	1	1	1	0
b	RF	Aaron Judge			R	24	27	95	84	10	15	2	0	4	10	0	1	9	42	.179	.263	.345	.608	61	29	2	1	0	1	0
*Pitching 					T	Age	W	L	W-L%	ERA		G	GS	GF	CG	SHO	SV	IP		H	R	ER	HR	BB	IBB	SO	HBP	BK	WP	BF	ERA+ FIP	WHIP	H9	HR9	BB9	SO9	SO/W
s	P	Masahiro Tanaka		R	27	14	4	.778	3.07	31	31	0	0	0	0	199.2	179	75	68	22	36	0	165	3	0	7	805	142	3.51	1.077	8.1	1.0	1.6	7.4	4.58
s	P	CC Sabathia			L	35	9	12	.429	3.91	30	30	0	0	0	0	179.2	172	83	78	22	65	1	152	9	1	2	768	111	4.28	1.319	8.6	1.1	3.3	7.6	2.34
s	P	Michael Pineda		R	27	6	12	.333	4.82	32	32	0	0	0	0	175.2	184	98	94	27	53	1	207	6	0	7	756	90	3.79	1.349	9.4	1.4	2.7	10.6	3.91
s	P	Nathan Eovaldi		R	26	9	8	.529	4.76	24	21	2	0	0	0	124.2	123	66	66	23	40	2	97	1	0	5	525	91	4.97	1.307	8.9	1.7	2.9	7.0	2.43
s	P	Ivan Nova			R	29	7	6	.538	4.90	21	15	3	0	0	1	97.1	107	54	53	19	25	1	75	6	0	7	421	89	5.10	1.356	9.9	1.8	2.3	6.9	3.00
*Bullpen
m	P	Kirby Yates			R	29	2	1	.667	5.23	41	0	11	0	0	0	41.1	41	24	24	5	19	1	50	4	0	1	184	84	3.97	1.452	8.9	1.1	4.1	10.9	2.63
m	P	Chasen Shreve		L	25	2	1	.667	5.18	37	0	11	0	0	1	33.0	29	19	19	8	13	0	33	3	0	0	142	85	5.75	1.273	7.9	2.2	3.5	9.0	2.54
m	P	Luis Severino		R	22	3	8	.273	5.83	22	11	3	0	0	0	71.0	78	48	46	11	25	1	66	3	0	3	312	75	4.48	1.451	9.9	1.4	3.2	8.4	2.64
m	P	Luis Cessa			R	24	4	4	.500	4.35	17	9	5	0	0	0	70.1	64	36	34	16	14	0	46	3	0	2	285	100	5.52	1.109	8.2	2.0	1.8	5.9	3.29
m	P	Chad Green			R	25	2	4	.333	4.73	12	8	4	0	0	1	45.2	49	26	24	12	15	0	52	1	0	1	198	92	5.34	1.401	9.7	2.4	3.0	10.2	3.47
m	P	Anthony Swarzak		R	30	1	2	.333	5.52	26	0	6	0	0	0	31.0	28	19	19	10	7	0	31	1	0	1	124	79	6.11	1.129	8.1	2.9	2.0	9.0	4.43
m	P	Adam Warren			R	28	4	2	.667	3.26	29	0	3	0	0	0	30.1	28	13	11	4	10	2	25	1	0	3	125	134	4.30	1.253	8.3	1.2	3.0	7.4	2.50
m	P	Nick Goody			R	24	0	0	.000	4.66	27	0	10	0	0	0	29.0	30	15	15	7	12	1	34	1	0	0	128	94	5.28	1.448	9.3	2.2	3.7	10.6	2.83
m	P	Bryan Mitchell		R	25	1	2	.333	3.24	5	5	0	0	0	0	25.0	26	13	9	1	12	0	11	0	0	0	107	136	4.23	1.520	9.4	0.4	4.3	4.0	0.92
m	P	Tyler Clippard		R	31	2	3	.400	2.49	29	0	7	0	0	2	25.1	20	9	7	3	11	2	26	1	0	4	107	177	4.05	1.224	7.1	1.1	3.9	9.2	2.36
su	P	Andrew Miller		L	31	6	1	.857	1.39	44	0	16	0	0	9	45.1	28	8	7	5	7	0	77	2	0	0	172	314	1.78	0.772	5.6	1.0	1.4	15.3	11.00
c	P	Dellin Betances		R	28	3	6	.333	3.08	73	0	20	0	0	12	73.0	54	31	25	5	28	0	126	1	0	6	299	141	1.78	1.123	6.7	0.6	3.5	15.5	4.50