OAK 2016 Oakland Athletics	B	Age	G	PA	AB	R	H	2B	3B	HR	RBI	SB	CS	BB	SO	BA		OBP		SLG		OPS		OPS+ TB	GDP	HBP	SH	SF	IBB PO	A	E
f	CF	Billy Burns			S	26	73	292	274	32	64	11	4	0	12	14	3	10	30	.234	.270	.303	.573	60	83	3	4	3	1	2	151	4	2
f	2B	Jed Lowrie			S	32	87	369	338	30	89	12	1	2	27	0	0	26	65	.263	.314	.322	.637	79	109	10	1	0	4	0	141	236	6
f	C	Stephen Vogt		L	31	137	532	490	54	123	30	2	14	56	0	0	35	83	.251	.305	.406	.711	96	199	6	4	0	3	3	767	45	7
f	RF	Josh Reddick		L	29	68	272	243	33	72	11	1	8	28	5	0	28	34	.296	.368	.449	.816	127	109	7	0	0	1	5	126	5	2
f	LF	Khris Davis			R	28	150	610	555	85	137	24	2	42	102	1	2	42	166	.247	.307	.524	.831	126	291	19	8	0	5	0	159	4	5
f	3B	Ryon Healy			R	24	72	283	269	36	82	20	0	13	37	0	0	12	60	.305	.337	.524	.861	135	141	7	1	1	0	1	42	144	9
f	1B	Yonder Alonso		L	29	156	532	482	52	122	34	0	7	56	3	1	45	74	.253	.316	.367	.683	91	177	15	1	0	4	1	1157	79	5
f	SS	Marcus Semien		R	25	159	621	568	72	135	27	2	27	75	10	2	51	139	.238	.300	.435	.735	102	247	12	0	1	1	1	325	477	21
*Bench
b	DH6	Billy Butler		R	30	85	242	221	24	61	16	0	4	31	0	0	19	34	.276	.331	.403	.733	104	89	13	0	0	2	1
b	UT	Danny Valencia		R	31	130	517	471	72	135	22	1	17	51	1	1	41	115	.287	.346	.446	.792	119	210	11	3	0	2	1
b	OF	Coco Crisp			S	36	102	434	393	45	92	24	4	11	47	7	5	37	65	.234	.299	.399	.698	93	157	6	0	2	2	2
b	OF	Jake Smolinski		R	27	99	319	290	28	69	6	2	7	27	1	2	19	44	.238	.299	.345	.644	80	100	11	7	1	2	0
b	UT	Chris Coghlan		L	31	51	172	158	14	23	5	0	5	14	1	1	13	47	.146	.215	.272	.487	35	43	2	1	0	0	1
b	UT	Max Muncy			L	25	51	133	113	13	21	2	0	2	8	0	0	20	24	.186	.308	.257	.565	61	29	2	0	0	0	1
b	OF	Brett Eibner		R	27	44	123	109	10	18	4	1	3	12	0	2	13	27	.165	.252	.303	.555	54	33	2	0	0	1	0
*Pitching 					T	Age	W	L	W-L%	ERA		G	GS	GF	CG	SHO	SV	IP		H	R	ER	HR	BB	IBB	SO	HBP	BK	WP	BF	ERA+ FIP	WHIP	H9	HR9	BB9	SO9	SO/W
s	P	Kendall Graveman	R	25	10	11	.476	4.11	31	31	0	2	1	0	186.0	196	87	85	22	47	2	108	7	0	2	786	96	4.39	1.306	9.5	1.1	2.3	5.2	2.30
s	P	Sean Manaea			L	24	7	9	.438	3.86	25	24	0	0	0	0	144.66	135	65	62	20	37	1	124	4	0	3	594	103	4.08	1.189	8.4	1.2	2.3	7.7	3.35
s	P	Sonny Gray			R	26	5	11	.313	5.69	22	22	0	0	0	0	117.0	133	80	74	18	42	0	94	2	0	15	517	70	4.67	1.496	10.2	1.4	3.2	7.2	2.24
s	P	Rich Hill			L	36	9	3	.750	2.25	14	14	0	0	0	0	76.0	55	22	19	2	28	0	90	8	0	0	311	177	2.54	1.092	6.5	0.2	3.3	10.7	3.21
s	P	Daniel Mengden		R	23	2	9	.182	6.50	14	14	0	0	0	0	72.0	83	54	52	9	33	0	71	4	0	5	332	61	4.34	1.611	10.4	1.1	4.1	8.9	2.15
*Bullpen
m	P	Ryan Dull			R	26	5	5	.500	2.42	70	0	9	0	0	3	74.33	50	23	20	10	15	4	73	1	0	6	290	164	3.58	0.874	6.1	1.2	1.8	8.8	4.87
m	P	Liam Hendriks		R	27	0	4	.000	3.76	53	0	10	0	0	0	64.67	69	31	27	6	14	3	71	1	0	3	275	106	2.85	1.284	9.6	0.8	1.9	9.9	5.07
m	P	Marc Rzepczynski	L	30	1	0	1.000	3.00	56	0	15	0	0	0	36.0	38	14	12	1	24	6	37	2	0	5	169	133	3.62	1.722	9.5	0.3	6.0	9.3	1.54
m	P	Zach Neal			R	27	2	4	.333	4.24	24	6	7	0	0	2	70.0	72	35	33	9	6	0	27	1	1	2	281	94	4.35	1.114	9.3	1.2	0.8	3.5	4.50
m	P	Andrew Triggs		R	27	1	1	.500	4.31	24	6	7	0	0	0	56.33	56	30	27	5	13	1	55	3	0	2	238	92	3.20	1.225	8.9	0.8	2.1	8.8	4.23
m	P	Daniel Coulombe		L	26	3	1	.750	4.53	35	0	11	0	0	0	47.67	37	24	24	6	17	2	54	0	0	3	193	88	3.59	1.133	7.0	1.1	3.2	10.2	3.18
m	P	Jesse Hahn			R	26	2	4	.333	6.02	9	9	0	0	0	0	46.33	57	32	31	8	19	1	23	0	0	2	203	66	5.63	1.640	11.1	1.6	3.7	4.5	1.21
m	P	Ross Detwiler		L	30	2	4	.333	6.14	9	7	0	0	0	0	44.0	56	31	30	4	15	0	23	1	0	3	199	65	4.37	1.614	11.5	0.8	3.1	4.7	1.53
m	P	Fernando Rodriguez	R	32	2	0	1.000	4.20	34	0	4	0	0	0	40.67	30	19	19	3	17	0	37	1	0	2	163	95	3.61	1.156	6.6	0.7	3.8	8.2	2.18
m	P	Sean Doolittle		L	29	2	3	.400	3.23	44	0	13	0	0	4	39.0	33	14	14	6	8	2	45	0	0	1	155	124	3.45	1.051	7.6	1.4	1.8	10.4	5.6
su	P	John Axford			R	33	6	4	.600	3.97	68	0	13	0	0	3	65.67	65	30	29	6	30	1	60	3	0	4	289	100	4.01	1.447	8.9	0.8	4.1	8.2	2.00
c	P	Ryan Madson			R	35	6	7	.462	3.62	63	0	53	0	0	30	64.67	63	27	26	7	20	3	49	2	1	4	270	110	4.06	1.284	8.8	1.0	2.8	6.8	2.45