SEA 2016 Seattle Mariners		B	Age	G	PA	AB	R	H	2B	3B	HR	RBI	SB	CS	BB	SO	BA		OBP		SLG		OPS		OPS+ TB	GDP	HBP	SH	SF	IBB	PO	A	E
f	LF	Nori Aoki				L	34	118	467	417	63	118	24	4	4	28	7	9	34	45	.283	.349	.388	.738	104	162	9	9	5	1	0	188	5	1
f	RF	Seth Smith				L	33	137	438	378	62	94	15	0	16	63	0	0	48	89	.249	.342	.415	.758	108	157	11	8	0	4	1	155	7	1
f	2B	Robinson Cano			L	33	161	715	655	107	195	33	2	39	103	0	1	47	100	.298	.350	.533	.882	138	349	18	8	0	5	8	311	429	3
f	3B	Kyle Seager				L	28	158	676	597	89	166	36	3	30	99	3	1	69	108	.278	.359	.499	.859	133	298	18	8	0	2	10	110	373	22
f	1B	Adam Lind				L	32	126	430	401	48	96	17	0	20	58	0	1	26	89	.239	.286	.431	.717	94	173	14	1	0	2	3	731	50	5
f	C	Chris Iannetta			R	33	94	338	295	23	62	14	0	7	24	0	0	38	83	.210	.303	.329	.631	75	97	4	2	1	2	0	722	42	5
f	CF	Leonys Martin			L	28	143	576	518	72	128	17	3	15	47	24	6	44	149	.247	.306	.378	.684	88	196	10	3	4	7	0	353	11	3
f	SS	Ketel Marte				S	22	119	466	437	55	113	21	2	1	33	11	5	18	84	.259	.287	.323	.610	68	141	10	2	3	6	0	140	315	21
*Bench
b	DH3	Nelson Cruz				R	35	155	667	589	96	169	27	1	43	105	2	0	62	159	.287	.360	.555	.915	147	327	15	9	0	7	5
b	1B	Dae-ho Lee				R	34	104	317	292	33	74	9	0	14	49	0	0	20	74	.253	.312	.428	.740	102	125	8	5	0	0	2
b	UT	Franklin Gutierrez		R	33	98	283	248	33	61	9	0	14	39	1	0	29	85	.246	.329	.452	.780	112	112	6	3	0	3	0
b	SS	Shawn O'Malley			S	28	89	232	210	24	48	9	2	2	17	6	2	18	59	.229	.299	.319	.618	71	67	4	3	1	0	0
b	C	Mike Zunino				R	25	55	192	164	16	34	7	0	12	31	0	0	21	65	.207	.318	.470	.787	113	77	0	6	0	1	0
b	LF	Guillermo Heredia		R	25	45	107	92	12	23	3	0	1	12	1	1	12	15	.250	.349	.315	.664	86	29	1	2	1	0	0
b	SS	Luis Sardinas			S	23	32	77	72	12	13	0	0	2	5	1	1	1	25	.181	.203	.264	.467	27	19	3	1	3	0	0
*Pitching 					T	Age	W	L	W-L%	ERA		G	GS	GF	CG	SHO	SV	IP		H	R	ER	HR	BB	IBB	SO	HBP	BK	WP	BF	ERA+ FIP	WHIP	H9	HR9	BB9	SO9	SO/W
s	P	Hisashi Iwakuma		R	35	16	12	.571	4.12	33	33	0	0	0	0	199.0	218	95	91	28	46	3	147	5	0	4	836	98	4.27	1.327	9.9	1.3	2.1	6.6	3.20
s	P	Felix Hernandez		R	30	11	8	.579	3.82	25	25	0	0	0	0	153.33	138	76	65	19	65	0	122	10	0	6	655	106	4.63	1.324	8.1	1.1	3.8	7.2	1.88
s	P	Taijuan Walker		R	23	8	11	.421	4.22	25	25	0	1	1	0	134.33	129	75	63	27	37	2	119	8	1	4	573	96	4.99	1.236	8.6	1.8	2.5	8.0	3.22
s	P	James Paxton		L	27	6	7	.462	3.79	20	20	0	0	0	0	121.0	134	62	51	9	24	3	117	1	0	5	511	107	2.80	1.306	10.0	0.7	1.8	8.7	4.88
s	P	Wade Miley			L	29	7	8	.467	4.98	19	19	0	1	1	0	112.0	117	62	62	18	34	1	82	3	2	5	469	81	4.76	1.348	9.4	1.4	2.7	6.6	2.41
*Bullpen
m	P	Nate Karns			R	28	6	2	.750	5.15	22	15	2	0	0	1	94.33	95	55	54	11	45	1	101	3	1	5	417	79	4.05	1.484	9.1	1.0	4.3	9.6	2.24
m	P	Mike Montgomery		L	26	3	4	.429	2.34	32	2	13	0	0	0	61.67	49	18	16	3	18	2	54	6	0	5	250	174	3.19	1.086	7.2	0.4	2.6	7.9	3.00
m	P	Nick Vincent		R	29	4	4	.500	3.73	60	0	15	0	0	3	60.33	53	26	25	11	15	5	65	1	0	0	247	109	4.16	1.127	7.9	1.6	2.2	9.7	4.33
m	P	Vidal Nuno			L	28	1	1	.500	3.53	55	1	14	0	0	0	58.67	67	23	23	11	11	2	51	2	2	0	247	115	4.51	1.330	10.3	1.7	1.7	7.8	4.64
m	P	Ariel Miranda		L	27	5	2	.714	3.54	11	10	1	0	0	0	56.0	43	25	22	12	18	0	40	0	0	2	221	115	5.47	1.089	6.9	1.9	2.9	6.4	2.22
m	P	Wade LeBlanc		L	31	3	0	1.000	4.50	11	8	3	0	0	1	50.0	52	27	25	14	9	0	41	0	0	0	208	90	5.69	1.220	9.4	2.5	1.6	7.4	4.56
m	P	Cody Martin			R	26	1	2	.333	3.86	9	2	3	0	0	0	25.67	28	11	11	5	9	0	15	1	0	0	107	106	5.68	1.442	9.8	1.8	3.2	5.3	1.67
m	P	Tom Wilhelmsen		R	32	0	1	.000	3.60	29	0	2	0	0	1	25.0	22	10	10	4	10	0	17	0	0	0	100	114	5.07	1.280	7.9	1.4	3.6	6.1	1.70
m	P	Joaquin Benoit		R	38	1	1	.500	5.18	26	0	2	0	0	0	24.33	20	16	14	4	15	1	28	1	0	1	111	79	4.95	1.438	7.4	1.5	5.5	10.4	1.87
m	P	Joel Peralta		R	40	1	0	1.000	5.40	26	0	5	0	0	0	23.33	24	14	14	7	7	0	28	0	0	0	100	76	5.55	1.329	9.3	2.7	2.7	10.8	4.00
su	P	Edwin Diaz			R	22	0	4	.000	2.79	49	0	23	0	0	18	51.67	45	16	16	5	15	2	88	3	1	6	217	146	2.04	1.161	7.8	0.9	2.6	15.3	5.87
c	P	Steve Cishek		R	30	4	6	.400	2.81	62	0	40	0	0	25	64.0	44	21	20	8	21	2	76	4	0	4	258	144	3.57	1.016	6.2	1.1	3.0	10.7	3.62