TBR 2016 Tampa Bay Rays			B	Age	G	PA	AB	R	H	2B	3B	HR	RBI	SB	CS	BB	SO	BA		OBP		SLG		OPS		OPS+ TB	GDP	HBP	SH	SF	IBB	PO	A	E
f	2B	Logan Forsythe			R	29	127	567	511	76	135	24	4	20	52	6	6	46	127	.264	.333	.444	.778	113	227	8	8	0	2	0	206	264	9
f	CF	Kevin Kiermaier			L	26	105	414	366	55	90	20	2	12	37	21	3	40	74	.246	.331	.410	.741	104	150	5	7	0	1	1	264	7	1
f	3B	Evan Longoria			R	30	160	685	633	81	173	41	4	36	98	0	3	42	144	.273	.318	.521	.840	127	330	13	3	0	7	6	103	254	9
f	SS	Brad Miller				L	26	152	601	548	73	133	29	6	30	81	6	4	47	149	.243	.304	.482	.786	113	264	5	3	0	3	0	409	227	19
f	LF	Corey Dickerson			L	27	148	548	510	57	125	36	3	24	70	0	2	33	134	.245	.293	.469	.761	106	239	12	2	0	2	6	134	2	2
f	RF	Steven Souza			R	27	120	468	430	58	106	17	1	17	49	7	6	31	159	.247	.303	.409	.713	95	176	5	5	0	2	0	232	8	4
f	C	Curt Casali				R	27	84	256	226	23	42	10	0	8	25	0	0	25	82	.186	.273	.336	.609	68	76	2	2	3	0	1	538	37	4
f	1B	Logan Morrison			L	28	107	398	353	45	84	18	1	14	43	4	2	37	89	.238	.319	.414	.733	101	146	4	6	0	2	1	566	42	4
*Bench
b	DH6	Steve Pearce			R	33	60	232	204	26	63	11	1	10	29	0	3	26	40	.309	.388	.520	.908	148	106	4	1	0	1	2
b	UT	Brandon Guyer			R	30	63	249	212	27	51	12	1	7	18	2	1	12	42	.241	.347	.406	.752	108	86	3	23	1	1	1
b	OF	Desmond Jennings		R	29	65	225	200	22	40	7	1	7	20	2	0	21	58	.200	.281	.350	.631	74	70	4	2	1	1	0
b	MI	Tim Beckham				R	26	64	215	198	25	49	12	5	5	16	2	1	14	67	.247	.300	.434	.735	100	86	3	1	2	0	0
b	OF	Mikie Mahtook			R	26	65	196	185	16	36	9	0	3	11	0	1	7	68	.195	.231	.292	.523	44	54	2	2	1	1	0
b	UT	Nick Franklin			S	25	60	191	174	18	47	10	1	6	26	6	1	12	42	.270	.328	.443	.771	111	77	1	3	2	0	1
b	C	Hank Conger				S	28	49	137	124	6	24	5	0	3	10	0	0	12	40	.194	.265	.306	.571	58	38	4	0	1	0	0
*Pitching 					T	Age	W	L	W-L%	ERA		G	GS	GF	CG	SHO	SV	IP		H	R	ER	HR	BB	IBB	SO	HBP	BK	WP	BF	ERA+ FIP	WHIP	H9	HR9	BB9	SO9	SO/W
s	P	Chris Archer		R	27	9	19	.321	4.02	33	33	0	0	0	0	201.33	183	100	90	30	67	0	233	3	0	11	850	101	3.81	1.242	8.2	1.3	3.0	10.4	3.48
s	P	Jake Odorizzi		R	26	10	6	.625	3.69	33	33	0	0	0	0	187.67	170	80	77	29	54	3	166	4	1	3	773	110	4.31	1.194	8.2	1.4	2.6	8.0	3.07
s	P	Drew Smyly			L	27	7	12	.368	4.88	30	30	0	0	0	0	175.33	174	103	95	32	49	2	167	2	0	10	738	83	4.49	1.272	8.9	1.6	2.5	8.6	3.41
s	P	Matt Andriese		R	26	8	8	.500	4.37	29	19	3	1	1	1	127.67	131	64	62	17	25	1	109	1	4	3	527	93	3.78	1.222	9.2	1.2	1.8	7.7	4.36
s	P	Blake Snell			L	23	6	8	.429	3.54	19	19	0	0	0	0	89.0	93	44	35	5	51	0	98	0	1	6	401	115	3.39	1.618	9.4	0.5	5.2	9.9	1.92
*Bullpen
m	P	Enny Romero			L	25	2	0	1.000	5.91	52	0	15	0	0	1	45.67	42	31	30	7	28	1	50	0	0	1	204	69	4.79	1.533	8.3	1.4	5.5	9.9	1.79
m	P	Xavier Cedeno		L	29	3	4	.429	3.70	54	0	7	0	0	0	41.33	36	17	17	2	13	1	43	0	0	3	174	110	2.64	1.185	7.8	0.4	2.8	9.4	3.31
m	P	Ryan Garton			R	26	1	2	.333	4.35	37	0	14	0	0	1	39.33	44	20	19	5	11	2	33	0	0	2	171	94	3.96	1.398	10.1	1.1	2.5	7.6	3.00
m	P	Danny Farquhar		R	29	1	0	1.000	3.06	35	0	11	0	0	0	35.33	33	14	12	8	15	1	46	4	0	1	158	134	5.10	1.358	8.4	2.0	3.8	11.7	3.07
m	P	Steve Geltz			R	28	0	2	.000	5.74	27	0	11	0	0	0	26.67	24	17	17	11	9	0	23	1	0	3	112	71	7.91	1.238	8.1	3.7	3.0	7.8	2.56
m	P	Brad Boxberger		R	28	4	3	.571	4.81	27	0	3	0	0	0	24.33	23	13	13	3	19	1	22	2	0	0	114	85	5.53	1.726	8.5	1.1	7.0	8.1	1.16
m	P	Dana Eveland		L	32	0	1	.000	9.00	33	0	8	0	0	0	23.0	32	23	23	3	19	3	21	3	0	0	119	46	5.89	2.217	12.5	1.2	7.4	8.2	1.11
m	P	Alex Cobb			R	28	1	2	.333	8.59	5	5	0	0	0	0	22.0	32	22	21	5	7	0	16	0	0	0	104	48	5.60	1.773	13.1	2.0	2.9	6.5	2.29
m	P	Kevin Jepsen		R	31	0	1	.000	5.68	25	0	5	0	0	0	19.0	20	13	12	5	9	1	13	0	0	2	83	72	6.62	1.526	9.5	2.4	4.3	6.2	1.44
m	P	Tyler Sturdevant	R	30	0	1	.000	3.93	16	0	6	0	0	0	18.1	18	8	8	1	6	1	14	1	0	0	75	105	3.47	1.309	8.8	0.5	2.9	6.9	2.33
su	P	Erasmo Ramirez		R	26	7	11	.389	3.77	64	1	13	0	0	2	90.67	90	39	38	14	26	5	63	4	0	7	378	108	4.76	1.279	8.9	1.4	2.6	6.3	2.42
c	P	Alex Colome			R	27	2	4	.333	1.91	57	0	48	0	0	37	56.67	43	12	12	6	15	1	71	2	0	1	226	213	2.92	1.024	6.8	1.0	2.4	11.3	4.73