TEX 2016 Texas Rangers			B	Age	G	PA	AB	R	H	2B	3B	HR	RBI	SB	CS	BB	SO	BA		OBP		SLG		OPS		OPS+ TB	GDP	HBP	SH	SF	IBB	PO	A	E
f	2B	Rougned Odor			L	22	150	632	605	89	164	33	4	33	88	14	7	19	135	.271	.296	.502	.798	105	304	6	4	0	4	0	283	428	22
f	CF	Ian Desmond				R	30	156	677	625	107	178	29	3	22	86	21	6	44	160	.285	.335	.446	.782	104	279	11	5	0	3	2	330	8	12
f	RF	Nomar Mazara			L	21	145	568	516	59	137	13	3	20	64	0	2	39	112	.266	.320	.419	.739	93	216	12	6	0	7	1	300	7	2
f	3B	Adrian Beltre			R	37	153	640	583	89	175	31	1	32	104	1	1	48	66	.300	.358	.521	.879	128	304	10	6	0	3	6	104	301	10
f	1B	Mitch Moreland			L	30	147	503	460	49	107	21	0	22	60	1	0	35	118	.233	.298	.422	.720	87	194	8	8	0	0	5	1036	65	2
f	SS	Elvis Andrus			R	27	147	568	506	75	153	31	7	8	69	24	8	47	70	.302	.362	.439	.800	110	222	18	4	4	7	2	229	413	17
f	C	Robinson Chirinos		R	32	57	170	147	21	33	11	0	9	20	0	1	15	44	.224	.314	.483	.797	105	71	4	5	1	2	0	287	23	1
f	LF	Ryan Rua				R	26	99	269	240	40	62	8	1	8	22	9	0	21	76	.258	.331	.400	.731	92	96	8	6	0	2	2	237	10	2
*Bench
b	DH4	Prince Fielder			L	32	89	370	326	29	69	16	0	8	44	0	0	32	63	.212	.292	.334	.626	65	109	12	7	0	5	1
b	UT	Jurickson Profar		S	23	90	307	272	35	65	6	3	5	20	2	1	30	61	.239	.321	.338	.660	75	92	7	3	2	0	0
b	RF	Shin-Soo Choo			L	33	48	210	178	27	43	7	0	7	17	6	3	25	46	.242	.357	.399	.756	99	71	1	7	0	0	1
b	DH	Carlos Beltran			S	39	52	206	193	23	54	12	0	7	29	1	0	13	31	.280	.325	.451	.776	102	87	6	0	0	0	1
b	OF	Delino DeShields		R	23	74	203	182	36	38	7	0	4	13	8	3	15	54	.209	.275	.313	.588	55	57	1	2	3	1	0
b	C	Jonathan Lucroy			R	30	47	168	152	19	42	7	0	11	31	0	0	14	30	.276	.345	.539	.885	128	82	4	2	0	0	2
b	C	Bobby Wilson			R	33	42	141	128	11	32	4	0	3	22	0	0	5	33	.250	.277	.352	.629	64	45	2	1	4	3	0
*Pitching 					T	Age	W	L	W-L%	ERA		G	GS	GF	CG	SHO	SV	IP		H	R	ER	HR	BB	IBB	SO	HBP	BK	WP	BF	ERA+ FIP	WHIP	H9	HR9	BB9	SO9	SO/W
s	P	Cole Hamels			L	32	15	5	.750	3.32	32	32	0	0	0	0	200.67	185	83	74	24	77	1	200	8	1	4	848	136	3.98	1.306	8.3	1.1	3.5	9.0	2.60
s	P	Martin Perez		L	25	10	11	.476	4.39	33	33	0	0	0	0	198.67	205	110	97	18	76	0	103	4	2	3	855	103	4.49	1.414	9.3	0.8	3.4	4.7	1.36
s	P	A.J. Griffin		R	28	7	4	.636	5.07	23	23	0	0	0	0	119.0	116	68	67	28	46	1	107	7	1	0	509	89	5.74	1.361	8.8	2.1	3.5	8.1	2.33
s	P	Colby Lewis			R	36	6	5	.545	3.71	19	19	0	1	0	0	116.33	103	53	48	19	28	0	73	3	0	1	472	122	4.81	1.126	8.0	1.5	2.2	5.6	2.61
s	P	Derek Holland		L	29	7	9	.438	4.95	22	20	0	0	0	0	107.33	116	62	59	15	35	2	67	2	0	2	461	91	4.75	1.407	9.7	1.3	2.9	5.6	1.91
*Bullpen
m	P	Yu Darvish			R	29	7	5	.583	3.41	17	17	0	0	0	0	100.33	81	43	38	12	31	1	132	3	0	6	416	133	3.09	1.116	7.3	1.1	2.8	11.8	4.26
m	P	Matt Bush			R	30	7	2	.778	2.48	58	0	15	0	0	1	61.67	44	18	17	4	14	0	61	1	0	2	243	182	2.74	0.941	6.4	0.6	2.0	8.9	4.36
m	P	Tony Barnette		R	32	7	3	.700	2.09	53	0	9	0	0	0	60.33	54	16	14	4	16	1	49	4	0	6	246	217	3.38	1.160	8.1	0.6	2.4	7.3	3.06
m	P	Jake Diekman		L	29	4	2	.667	3.40	66	0	14	0	0	4	53.0	36	22	20	4	26	1	59	3	0	3	221	133	3.54	1.170	6.1	0.7	4.4	10.0	2.27
m	P	Alex Claudio		L	24	4	1	.800	2.79	39	0	15	0	0	0	51.67	55	19	16	2	10	0	34	1	0	0	217	163	2.97	1.258	9.6	0.3	1.7	5.9	3.40
m	P	Cesar Ramos			L	32	3	3	.500	6.04	16	4	2	0	0	1	47.67	60	34	32	12	20	1	27	1	0	0	212	75	6.61	1.678	11.3	2.3	3.8	5.1	1.35
m	P	Nick Martinez		R	25	2	3	.400	5.59	12	5	2	0	0	0	38.67	45	24	24	8	19	1	16	5	0	0	179	81	6.87	1.655	10.5	1.9	4.4	3.7	0.84
m	P	Keone Kela			R	23	5	1	.833	6.09	35	0	2	0	0	0	34.0	30	23	23	6	17	0	45	3	1	2	150	75	4.56	1.382	7.9	1.6	4.5	11.9	2.65
m	P	Tom Wilhelmsen		R	32	2	3	.400	10.55	21	0	3	0	0	0	21.33	38	25	25	7	9	0	11	2	0	0	109	43	7.93	2.203	16.0	3.0	3.8	4.6	1.22
m	P	Lucas Harrell		R	31	1	0	1.000	5.60	4	4	0	0	0	0	17.67	21	11	11	3	13	0	15	1	0	2	84	82	6.03	1.925	10.7	1.5	6.6	7.6	1.15
su	P	Shawn Tolleson		R	28	2	2	.500	7.68	37	0	19	0	0	11	36.33	53	32	31	8	10	2	29	0	0	1	168	59	5.24	1.734	13.1	2.0	2.5	7.2	2.90
c	P	Sam Dyson			R	28	3	2	.600	2.43	73	0	53	0	0	38	70.33	63	19	19	5	23	0	55	3	0	3	285	186	3.62	1.223	8.1	0.6	2.9	7.0	2.39