TOR 2016 Toronto Blue Jays		B	Age	G	PA	AB	R	H	2B	3B	HR	RBI	SB	CS	BB	SO	BA		OBP		SLG		OPS		OPS+ TB	GDP	HBP	SH	SF	IBB	PO	A	E
f	2B	Devon Travis			R	25	101	432	410	54	123	28	1	11	50	4	1	20	87	.300	.332	.454	.785	108	186	6	0	1	1	0	150	276	11
f	3B	Josh Donaldson			R	30	155	700	577	122	164	32	5	37	99	7	1	109	119	.284	.404	.549	.953	152	317	16	9	2	3	6	110	237	14
f	RF	Jose Bautista			R	35	116	517	423	68	99	24	1	22	69	2	2	87	103	.234	.366	.452	.817	117	191	21	3	0	4	1	152	5	2
f	SS	Troy Tulowitzki			R	31	131	544	492	54	125	21	0	24	79	1	0	43	101	.254	.318	.443	.761	101	218	14	5	0	4	1	158	366	9
f	C	Russell Martin			R	33	137	535	455	62	105	16	0	20	74	2	1	64	148	.231	.335	.398	.733	96	181	12	10	1	5	1	989	57	4
f	CF	Kevin Pillar			R	27	146	584	548	59	146	35	2	7	53	14	6	24	90	.266	.303	.376	.679	81	206	12	6	3	3	0	337	6	6
f	1B	Justin Smoak			S	29	126	341	299	33	65	10	0	14	34	1	0	40	112	.217	.314	.391	.705	87	117	7	2	0	0	1	753	38	3
f	LF	Michael Saunders		L	29	140	558	490	70	124	32	3	24	57	1	2	59	157	.253	.338	.478	.815	115	234	14	5	1	3	2	188	5	2
*Bench
b	DH2	Edwin Encarnacion		R	33	160	702	601	99	158	34	0	42	127	2	0	87	138	.263	.357	.529	.886	133	318	22	5	0	8	3
b	OF	Ezequiel Carrera		L	29	110	310	270	47	67	9	1	6	23	7	4	27	70	.248	.323	.356	.679	82	96	8	4	7	2	0
b	IF	Darwin Barney			R	30	104	306	279	35	75	13	2	4	19	2	2	22	48	.269	.322	.373	.695	86	104	8	1	2	2	1
b	MI	Ryan Goins				L	28	77	196	183	13	34	9	2	3	12	1	1	9	48	.186	.228	.306	.534	41	56	6	1	3	0	0
b	LF	Melvin Upton			R	31	57	165	148	18	29	4	1	4	16	7	3	14	49	.196	.261	.318	.578	54	47	1	0	0	3	0
b	C	Josh Thole				L	29	50	136	118	7	20	3	0	1	7	0	0	13	28	.169	.254	.220	.474	29	26	4	1	2	2	0
b	UT	Junior Lake				R	26	22	39	35	5	7	3	0	1	2	1	0	4	11	.200	.282	.371	.653	73	13	0	0	0	0	0
*Pitching 					T	Age	W	L	W-L%	ERA		G	GS	GF	CG	SHO	SV	IP		H	R	ER	HR	BB	IBB	SO	HBP	BK	WP	BF	ERA+ FIP	WHIP	H9	HR9	BB9	SO9	SO/W
s	P	Marcus Stroman		R	25	9	10	.474	4.37	32	32	0	0	0	0	204.0	209	104	99	21	54	0	166	4	1	9	855	98	3.71	1.289	9.2	0.9	2.4	7.3	3.07
s	P	J.A. Happ			L	33	20	4	.833	3.18	32	32	0	0	0	0	195.0	168	72	69	22	60	0	163	6	2	3	796	135	3.96	1.169	7.8	1.0	2.8	7.5	2.72
s	P	Aaron Sanchez		R	23	15	2	.882	3.00	30	30	0	0	0	0	192.0	161	69	64	15	63	0	161	5	0	5	790	143	3.55	1.167	7.5	0.7	3.0	7.5	2.56
s	P	Marco Estrada		R	32	9	9	.500	3.48	29	29	0	0	0	0	176.0	132	73	68	23	65	1	165	4	0	5	723	124	4.15	1.119	6.8	1.2	3.3	8.4	2.54
s	P	R.A. Dickey			R	41	10	15	.400	4.46	30	29	1	0	0	0	169.67	169	97	84	28	63	0	126	6	1	5	728	97	5.03	1.367	9.0	1.5	3.3	6.7	2.00
*Bullpen
m	P	Joe Biagini			R	26	4	3	.571	3.06	60	0	12	0	0	1	67.67	69	28	23	3	19	1	62	5	0	3	295	141	2.95	1.300	9.2	0.4	2.5	8.2	3.26
m	P	Jason Grilli		R	39	6	4	.600	3.64	46	0	6	0	0	2	42.0	28	17	17	8	19	0	58	1	0	1	170	119	4.29	1.119	6.0	1.7	4.1	12.4	3.05
m	P	Jesse Chavez		R	32	1	2	.333	4.57	39	0	6	0	0	0	41.33	43	22	21	9	10	0	42	2	0	1	173	95	4.82	1.282	9.4	2.0	2.2	9.1	4.20
m	P	Brett Cecil			L	29	1	7	.125	3.93	54	0	8	0	0	0	36.67	39	17	16	6	8	0	45	2	0	0	157	110	3.64	1.282	9.6	1.5	2.0	11.0	5.63
m	P	Francisco Liriano	L	32	2	2	.500	2.92	10	8	0	0	0	0	49.33	42	22	16	7	16	0	52	2	0	1	208	148	3.98	1.176	7.7	1.3	2.9	9.5	3.25
m	P	Gavin Floyd			R	33	2	4	.333	4.06	28	0	10	0	0	0	31.0	23	14	14	4	8	1	30	3	0	4	124	107	3.95	1.000	6.7	1.2	2.3	8.7	3.75
m	P	Joaquin Benoit		R	38	2	0	1.000	0.38	25	0	4	0	0	1	23.67	17	1	1	1	9	0	24	0	0	0	93	1146	2.81	1.099	6.5	0.4	3.4	9.1	2.67
m	P	Ryan Tepera			R	28	0	1	.000	2.95	20	0	13	0	0	0	18.33	17	8	6	1	8	1	18	3	0	3	85	149	3.69	1.364	8.3	0.5	3.9	8.8	2.25
m	P	Bo Schultz			R	30	0	1	.000	5.51	16	0	8	0	0	0	16.33	17	10	10	3	3	0	10	0	0	0	68	80	4.86	1.224	9.4	1.7	1.7	5.5	3.33
m	P	Scott Feldman		R	33	2	1	.667	8.40	14	0	4	0	0	0	15.0	23	15	14	2	6	0	14	0	0	0	73	52	4.21	1.933	13.8	1.2	3.6	8.4	2.33
su	P	Drew Storen			R	28	1	3	.250	6.21	38	0	13	0	0	3	33.33	43	23	23	6	10	1	32	6	1	0	156	70	5.01	1.590	11.6	1.6	2.7	8.6	3.20
c	P	Roberto Osuna		R	21	4	3	.571	2.68	72	0	61	0	0	36	74.0	55	23	22	9	14	4	82	3	1	4	288	161	3.20	0.932	6.7	1.1	1.7	10.0	5.86